88 2994
2224 2994
78 3255
88 2611
2224 2611
1050 2663
1051 2663
1053 2663
1050 2664
1051 2664
1053 2664
1050 2548
1051 2548
1053 2548
1050 2662
1051 2662
1053 2662
2228 3284
1050 3185
1051 3185
1053 3185
418 2861
417 2861
1050 2725
1051 2725
1053 2725
1050 2602
1051 2602
1053 2602
1050 3115
1051 3115
1053 3115
1050 3086
1051 3086
1053 3086
1050 3051
1051 3051
1053 3051
975 2837
976 2837
1432 2611
1432 3023
977 2837
1484 2409
88 2382
1432 2349
1432 2353
88 3240
2224 3240
2224 2382
1050 3296
1051 3296
1053 3296
88 3080
2224 3080
418 3021
1050 2843
1051 2843
1053 2843
88 3150
2224 3150
417 3021
1050 3137
1051 3137
1053 3137
418 3085
418 2743
418 2759
141 2800
88 3126
2224 3126
418 3197
1432 2785
1054 3284
418 2905
423 2861
417 2743
418 3218
417 2759
88 3260
2224 3260
1050 3112
1051 3112
1053 3112
417 3197
418 2361
1050 3114
1051 3114
1053 3114
141 2359
1432 2835
418 2669
418 3244
417 3218
418 3298
417 2361
418 2730
417 3085
417 2669
417 3244
1050 2665
1051 2665
1053 2665
417 3298
417 2730
417 2905
1050 2406
1051 2406
1053 2406
592 3198
141 2862
2223 2535
986 3072
1432 3160
975 2843
976 2843
977 2843
975 2453
976 2453
977 2453
975 3204
976 3204
977 3204
92 2397
92 3087
1050 2957
1051 2957
1053 2957
423 3021
427 2484
428 2484
986 3143
92 2771
423 3085
88 2837
2224 2837
423 2743
423 2759
423 2905
423 3197
1050 3002
1051 3002
1053 3002
975 3242
976 3242
977 3242
1130 2835
2228 3098
1139 2835
141 2358
2076 2854
2077 2854
92 2780
427 2608
428 2608
986 2586
1050 2382
1051 2382
1053 2382
592 3196
975 3132
1050 2997
1051 2997
1053 2997
418 3203
418 3169
1128 2835
1129 2835
1136 2835
427 3219
428 3219
423 3218
1728 3284
1729 3284
423 3298
1050 3135
1051 3135
1053 3135
1050 3182
1051 3182
1053 3182
1130 2785
423 2730
423 2361
1945 2632
976 3132
977 3132
418 2888
423 3244
417 3203
427 3230
428 3230
592 3120
423 2669
88 3124
2224 3124
175 2409
1135 2835
1796 2469
92 2889
418 2374
1141 2835
88 3266
2224 3266
92 3071
1128 2785
1129 2785
1136 2785
1139 2785
418 2435
1054 2716
417 2888
1248 2807
975 3133
417 3169
418 2816
1127 2835
1945 2486
88 3112
418 2875
1050 2767
1051 2767
1053 2767
1146 2835
1153 2835
1050 2998
1051 2998
1053 2998
1127 2785
1135 2785
1137 2785
1054 2838
417 2435
1050 2373
1051 2373
1053 2373
1432 3159
2223 2409
976 3133
977 3133
417 2816
1137 2835
1797 2469
2224 3112
1432 2472
417 2374
417 2875
1432 2630
2076 3194
2076 2996
417 2516
418 2516
975 3122
1141 2785
592 3140
427 2799
428 2799
88 2843
2224 2843
1596 3006
730 3006
416 2861
1796 2467
1797 2467
1134 2835
88 3086
1054 2703
976 3122
977 3122
1134 2785
88 3115
2224 3115
1146 2785
1153 2785
975 3225
2101 3128
2102 3128
1050 3234
1051 3234
1053 3234
1129 2778
1130 2778
1136 2778
895 2467
896 2467
898 2467
2076 2598
1248 2888
1050 3275
1051 3275
1053 3275
427 2848
428 2848
592 3205
88 3176
1958 2409
1959 2409
2077 3194
2077 2996
2224 3086
2211 2854
1903 3006
9 2481
2007 2835
1143 2785
2017 2835
976 3225
977 3225
1145 2785
1152 2785
1128 2778
2076 2365
2077 2365
895 2469
896 2469
898 2469
1451 3248
1452 3248
1453 3248
1454 3248
1455 3248
1456 3248
9 2409
88 3135
2224 3135
2076 3048
2077 3048
423 3203
1054 2953
975 3056
976 3056
977 3056
975 3220
976 3220
423 3169
1953 3079
2224 3176
2230 2972
2231 2972
1953 3148
1126 2835
1132 2835
1133 2835
1075 3006
1145 2835
1152 2835
1159 2835
1165 2835
1054 2827
1248 2683
1138 2785
2228 3207
1144 2785
1151 2785
1156 2785
1127 2778
1135 2778
1137 2778
1484 2481
423 2888
1139 2778
1141 2778
2077 2598
2223 2481
421 2861
975 3135
976 3135
977 3135
975 2831
976 2831
977 2831
977 3220
1138 2835
1143 2835
1130 2841
1139 2841
1141 2841
1011 3088
1012 3088
1013 3088
1014 3088
1015 3088
975 2968
976 2968
977 2968
1125 2835
1144 2835
1156 2835
2076 3171
2077 3171
1451 3152
1452 3152
1453 3152
1454 3152
1455 3152
1456 3152
423 2875
1050 3080
1051 3080
1053 3080
423 2435
1953 2491
541 2406
542 2406
543 2406
544 2406
2101 3165
2102 3165
1126 2785
1132 2785
1133 2785
2228 3226
2021 2835
1719 2409
999 3086
1248 2640
136 2490
504 2490
505 2490
506 2490
507 2490
508 2490
2191 2835
2195 2835
2198 2835
1146 2778
1152 2778
1153 2778
900 2467
136 3168
504 3168
505 3168
506 3168
507 3168
508 3168
900 2469
423 2816
1054 2796
975 2826
2102 2357
1898 3006
1235 2409
1804 2469
1801 2469
1802 2469
1235 2895
423 2374
1136 2841
1146 2841
1151 2835
986 3141
1412 2698
1011 2789
1012 2789
1013 2789
1014 2789
1015 2789
2076 2917
1125 2785
2086 2535
2087 2535
2088 2535
2089 2535
2090 2535
175 2535
1409 2543
1140 2785
497 2698
2211 3049
999 3258
1678 2835
1134 2778
2007 2778
2017 2778
416 3021
1669 2809
1670 2809
1671 2809
1672 2809
1673 2809
1674 2809
1670 3004
1671 3004
1672 3004
1673 3004
1674 3004
1130 3081
1150 2785
1159 2785
1165 2785
1993 2835
1995 2835
1996 2835
2076 3049
1145 2778
1432 3173
2228 2796
901 2467
976 2826
977 2826
420 2861
2101 2357
1409 2698
416 3218
1803 2469
1804 2467
1801 2467
1802 2467
986 2928
1129 2841
136 3058
504 3058
505 3058
506 3058
507 3058
508 3058
975 2923
976 2923
977 2923
1152 2841
1153 2841
1800 2469
2065 3006
88 3160
2224 3160
1432 3242
1140 2835
423 2516
1596 2920
1123 2835
1124 2835
1131 2835
158 3006
282 2996
2075 2854
1945 2842
175 2697
416 2759
1975 2409
1105 2631
1736 2652
416 2743
592 2854
2021 2778
1670 2835
1671 2835
1672 2835
1673 2835
1674 2835
1677 2835
721 2843
722 2843
723 2843
724 2843
725 2843
726 2843
727 2843
1129 3081
1136 3081
2101 2920
2102 2920
1677 3004
1391 2991
1796 2466
2001 2835
1130 3136
416 3197
416 2361
1164 2785
2006 2835
2011 2835
1143 2778
1144 2778
1151 2778
1451 2529
1452 2529
1453 2529
1454 2529
1455 2529
1456 2529
1156 2778
416 2669
136 3037
504 3037
505 3037
506 3037
507 3037
508 3037
416 3085
421 3085
592 2635
1467 2633
1468 2633
901 2469
986 2607
1434 2481
78 2636
975 3281
976 3281
977 3281
282 2598
1129 2512
1130 2512
1136 2512
987 3072
999 2835
416 3298
427 3038
428 3038
1803 2467
1596 2908
1128 2841
987 3143
1800 2467
651 2843
652 2843
416 2730
1295 2698
1296 2698
216 2406
1729 3025
1736 2544
427 3259
428 3259
416 2905
421 2905
118 3006
1406 2698
245 3006
1767 2406
1768 2406
1769 2406
1770 2406
1771 2406
1776 2406
1777 2406
1412 2543
592 2709
1093 3207
1164 2835
1150 2835
1736 3099
1319 2406
986 3240
416 3244
1755 3085
2076 3069
286 2996
302 2996
303 2996
304 2996
305 2996
93 2406
1075 2406
1719 2481
1123 2785
1124 2785
1131 2785
163 2843
265 2996
269 2996
271 2996
276 2996
281 2996
822 3135
1953 2477
1395 2543
1396 2543
1679 2835
1149 2785
1535 2822
1536 2822
975 3260
976 3260
977 3260
1132 2778
1133 2778
1996 2778
2006 2778
2011 2778
2015 2778
1958 2535
1959 2535
1139 3081
1141 3081
2023 2835
996 3258
1127 3081
1128 3081
1135 3081
1126 2778
2023 2778
788 3207
1953 2721
1721 3200
1722 3200
1723 3200
1724 3200
1797 2466
1138 2778
1140 2778
2190 2835
2192 2835
592 3146
1669 3004
1050 3096
1051 3096
1053 3096
1139 3136
1141 3136
986 3086
1535 2527
1536 2527
1163 2785
2012 2835
2015 2835
2016 2835
1535 2701
1536 2701
991 2481
1319 3006
2076 2810
2077 2810
2101 3062
2102 3062
592 3086
421 3021
1106 2859
441 2920
88 3161
2224 3161
164 2885
1186 2885
1187 2885
1188 2885
1189 2885
1190 2885
975 2593
976 2593
977 2593
1466 2633
269 2598
271 2598
1755 2657
1127 2512
1128 2512
1135 2512
1137 2512
286 2598
302 2598
303 2598
304 2598
305 2598
314 2598
315 2598
316 2598
1535 2742
1536 2742
1050 3260
1051 3260
1053 3260
1139 2512
1141 2512
996 2835
997 2835
998 2835
1000 2835
1001 2835
775 2972
1127 2841
1135 2841
1137 2841
1143 2841
2225 3059
421 3218
1395 2698
1396 2698
1145 2841
1326 2698
1159 2841
1164 2841
1165 2841
592 3082
1050 2994
1051 2994
1053 2994
1139 3233
1535 3187
1536 3187
1116 3006
1011 2843
1012 2843
1013 2843
1014 2843
1015 2843
702 3133
703 3133
704 3133
705 3133
706 3133
707 3133
1410 2698
1736 3027
1964 3006
204 3006
314 2996
315 2996
316 2996
1105 3006
1149 2835
1237 2894
1238 2894
1239 2894
1240 2894
1241 2894
2077 3069
1252 2854
1259 2854
2211 2480
702 3225
703 3225
704 3225
705 3225
706 3225
707 3225
275 2996
695 3086
1391 3258
1957 2467
2213 2854
2077 2917
999 2991
284 2996
285 2996
296 2996
297 2996
298 2996
299 2996
300 2996
301 2996
88 3302
2224 3302
421 2759
2316 2869
216 2602
421 2743
978 3132
2078 2854
163 2631
895 2466
896 2466
898 2466
1146 3081
1153 3081
2199 2835
2200 2835
2201 2835
1971 2522
1148 2785
1434 2409
1993 2778
1995 2778
374 2905
997 3258
998 3258
1000 3258
1001 3258
1467 2896
1325 2522
2027 2778
2029 2778
2030 2778
2034 2778
2007 2785
2027 2835
1671 2905
1673 2905
1674 2905
1137 3081
1736 3179
1407 2467
1671 3016
1674 3016
991 2409
942 2545
943 2545
944 2545
945 2545
946 2545
947 2545
949 2545
950 2545
951 2545
952 2545
953 2545
1136 3136
1678 3004
1679 3004
1681 3004
136 3154
504 3154
505 3154
506 3154
507 3154
508 3154
2211 3231
1150 2778
282 3039
303 3039
304 3039
305 3039
314 3039
315 3039
316 3039
1677 2809
1146 3136
1153 3136
421 2361
421 3197
1042 2638
1736 3070
1992 2835
265 3039
1535 2709
1536 2709
2020 2835
2077 3049
1075 2425
1971 2524
1319 2548
1702 2861
1703 2861
1515 3137
592 2365
1325 2524
1263 2406
999 3118
418 2597
1945 2678
1945 2679
1945 2680
1945 2681
1011 3190
1012 3190
1013 3190
1014 3190
1015 3190
796 2433
797 2433
798 2433
802 2433
805 2433
788 2850
823 3261
2007 2414
1011 2559
1012 2559
136 2605
504 2605
505 2605
506 2605
507 2605
508 2605
1211 2942
420 3021
2101 3261
2102 3261
421 2669
265 2598
276 2598
281 2598
1564 3215
2228 3155
2211 3259
298 2598
299 2598
300 2598
301 2598
313 2598
2102 2816
1235 2869
2076 3129
2077 3129
418 2356
329 2598
330 2598
331 2598
332 2598
1393 2816
986 2792
88 2846
2224 2846
1156 2841
2223 2958
1977 3141
1144 2841
418 2880
421 3298
986 2811
1535 2718
1536 2718
418 2741
822 2837
421 2730
1975 2535
1141 3233
1146 3233
1153 3233
108 2843
1128 3233
1129 3233
1130 3233
1136 3233
822 2382
1390 3290
78 3274
1535 3082
1536 3082
986 3217
1864 3006
1728 3025
418 3174
1552 3006
136 3204
504 3204
505 3204
506 3204
507 3204
508 3204
986 2643
421 3244
1163 2835
2225 2374
1651 2406
1653 2406
417 2659
418 2659
2062 2406
2316 2868
1105 2406
2225 3290
2071 3147
1977 3006
1457 3006
1105 2404
118 2908
1122 2835
978 2837
235 3086
236 3086
237 3086
163 3135
1105 3222
418 2560
313 2996
1369 3086
442 2746
1148 2835
151 3006
1608 2816
1609 2816
1610 2816
1611 2816
1612 2816
1613 2816
1614 2816
1615 2816
1616 2816
1617 2816
1618 2816
1619 2816
1167 2835
294 2996
295 2996
143 2859
882 2810
607 2854
608 2854
2198 3016
1116 2631
696 3086
697 3086
698 3086
986 3251
1152 3081
1263 3222
420 2759
1235 2796
1742 2380
901 2466
112 2700
2017 2785
1310 2991
900 2466
1211 2483
420 2743
2012 2778
2016 2778
2030 2835
2034 2835
1143 3081
1011 2695
1012 2695
1013 2695
1014 2695
1015 2695
1125 2778
954 2545
955 2545
956 2545
957 2545
958 2545
959 2545
418 2554
1084 3141
1681 2835
1235 2868
764 3086
765 3086
766 3086
767 3086
948 2545
2025 2778
1155 2785
1466 2896
1682 3004
2213 3049
730 2908
1678 3016
265 2854
929 2640
1149 2778
1678 2785
1020 3222
1669 2835
1044 2638
1393 2920
1957 2469
2101 2491
2102 2491
330 3039
331 3039
332 3039
891 3261
1669 2905
1670 2905
1672 2905
2062 2700
1673 3016
2042 2778
420 2361
417 2954
418 2954
418 3059
1134 3081
420 3197
269 3039
271 3039
275 3039
276 3039
281 3039
284 3039
285 3039
286 3039
294 3039
295 3039
296 3039
297 3039
298 3039
299 3039
300 3039
301 3039
302 3039
313 3039
136 3242
504 3242
505 3242
506 3242
507 3242
508 3242
2019 2835
1468 2896
1077 3125
1078 3125
1079 3125
1080 3125
1081 3125
1082 3125
163 3222
417 3290
418 3290
282 3194
303 3194
304 3194
305 3194
315 3194
316 3194
439 2920
440 2920
1524 3235
265 3302
810 2593
2017 2512
1159 2778
1164 2778
1165 2778
2004 2835
2010 2835
2062 3222
1773 3183
822 2843
1050 3003
1051 3003
1053 3003
1128 3136
1129 3136
1135 3136
1956 3230
1860 3006
282 3302
286 3302
301 3302
302 3302
303 3302
304 3302
305 3302
314 3302
315 3302
316 3302
1248 2462
1903 2908
730 2425
1393 3130
1407 2469
2076 3001
2077 3001
420 3085
649 3222
650 3222
1358 2365
175 2591
275 2598
892 3086
1490 3043
1492 3043
34 3221
120 3221
417 2597
420 2669
418 3201
1996 2414
2006 2414
2011 2414
1013 2559
1014 2559
1015 2559
2062 2877
2017 2414
136 2564
504 2564
505 2564
506 2564
507 2564
508 2564
2101 2816
2206 3284
139 2697
284 2598
285 2598
296 2598
297 2598
319 2598
1143 2512
1074 3207
1358 3247
1146 2512
1152 2512
1153 2512
1945 2748
1962 2907
1979 3006
420 3218
417 2356
1077 2549
1078 2549
1079 2549
327 2598
328 2598
1075 2908
1050 3303
1051 3303
1053 3303
1134 2512
1736 2423
418 2552
1993 3043
1995 3043
1996 3043
282 2533
2228 2589
1129 2539
1130 2539
1136 2539
339 2598
975 2607
976 2607
977 2607
418 3282
334 2598
1151 2841
1134 2841
592 3215
2225 3224
1564 2563
1864 2908
418 2627
418 2817
417 2873
418 2873
417 2880
417 2903
418 2903
420 3298
1953 2371
1767 2401
1768 2401
1776 2401
1777 2401
1742 3147
163 2401
163 2874
420 2730
902 2467
88 3237
2224 3237
34 2991
120 2991
417 2741
442 3183
1953 3196
1127 3233
1135 3233
1137 3233
1145 3233
1152 3233
1156 3233
420 2905
1325 2526
1091 2698
214 2843
412 2843
136 2376
504 2376
505 2376
506 2376
507 2376
508 2376
418 2690
418 2803
417 2939
418 2939
418 3131
1805 2469
1274 2810
1275 2810
1971 2526
1325 2698
1272 2810
1855 2920
991 2406
417 2829
418 2829
418 2547
136 2596
504 2596
505 2596
506 2596
507 2596
508 2596
136 2595
504 2595
505 2595
506 2595
507 2595
508 2595
417 3184
418 3184
420 3244
1428 2698
1349 3141
1799 2467
417 3174
40 2406
1799 2469
1407 2698
991 3043
34 3141
2225 3085
88 2722
2224 2722
2065 2425
2225 2920
329 2996
330 2996
331 2996
332 2996
965 3260
966 3260
967 3260
968 3260
969 3260
970 3260
1191 3284
1192 3284
1975 2697
792 2705
417 2979
418 2979
1116 3222
649 2406
650 2406
1538 2406
1542 2793
2101 3130
2102 3130
810 2407
319 2996
1272 3066
1274 3066
1275 3066
1767 2412
1768 2412
1776 2412
1777 2412
1773 2406
197 2631
1263 2700
1391 3141
1400 2698
1401 2698
1607 2816
417 2560
651 3135
652 3135
2077 2784
339 2996
282 3163
974 2700
1614 2715
1615 2715
1616 2715
1617 2715
1619 2715
1625 2715
1155 2835
1104 3006
2248 2406
1769 2412
1770 2412
1771 2412
596 2854
597 2854
2191 3016
2195 3016
630 2810
2075 3194
1168 2835
2212 2854
282 2917
417 3210
418 3210
374 3305
2316 2895
1394 2666
2001 2778
2019 2778
991 2700
996 2888
280 2996
1144 3081
1145 3081
1151 3081
623 2491
1533 2900
1534 2900
1116 2404
265 2484
606 2854
559 3016
560 3016
561 3016
562 3016
563 3016
564 3016
565 3016
1546 3039
2071 2374
2202 2835
1660 3006
1085 3141
2020 2778
1002 3258
999 2785
1147 2835
263 2843
1104 2425
2021 2785
2031 2778
2035 2778
2036 2778
2038 2778
1147 2785
1489 2849
1490 2849
1492 2849
1495 2849
1542 2972
987 2586
1993 2785
1995 2785
1996 2785
2001 2785
417 2456
418 2456
1329 2522
417 2554
2076 2801
2077 2801
1804 2466
1670 2785
1671 2785
1672 2785
1673 2785
1674 2785
1677 2785
991 3222
1679 2785
41 3006
1152 3136
427 2964
428 2964
1148 2778
2000 2835
305 2854
316 2854
1146 3001
336 3039
339 3039
1042 3173
1044 3173
1124 2778
2075 2996
768 3086
1083 3125
286 3194
302 3194
314 3194
2189 2835
1162 2785
319 3039
323 3039
324 3039
325 3039
326 3039
327 3039
328 3039
329 3039
163 2382
417 3014
418 3014
417 3059
417 3130
418 3130
1391 2888
1159 3136
1165 3136
1043 2638
2046 2778
2062 2792
282 2854
1390 3218
2005 2835
724 2837
725 2837
726 2837
727 2837
1679 3016
1075 2700
2191 2785
2195 2785
2198 2785
88 3204
2224 3204
1128 3171
1129 3171
1130 3171
1136 3171
1139 3171
1141 3171
974 3222
1105 2700
1685 2854
444 3222
445 3222
446 3222
447 3222
448 3222
449 3222
450 3222
451 3222
453 3222
454 3222
455 3222
1611 2357
1612 2357
1613 2357
1614 2357
1615 2357
1616 2357
1617 2357
1619 2357
1622 2357
1569 2415
1570 2415
1571 2415
126 2593
181 2593
206 2593
811 2593
812 2593
2013 2835
2014 2835
585 2840
586 2840
630 2638
269 2854
271 2854
275 2854
276 2854
1898 2908
269 3302
271 3302
298 3302
299 3302
300 3302
313 3302
1274 2437
1275 2437
1127 3136
1134 3136
304 2854
315 2854
2075 3049
1953 3074
136 3160
504 3160
505 3160
506 3160
507 3160
508 3160
1393 3261
417 3065
418 3065
1248 3131
1222 3147
975 3160
976 3160
977 3160
2076 2817
2077 2817
1607 3130
1608 3130
1609 3130
1610 3130
1611 3130
1612 3130
1613 3130
1614 3130
1615 3130
1616 3130
1617 3130
1618 3130
1619 3130
651 3212
652 3212
329 3302
330 3302
331 3302
332 3302
334 3302
336 3302
339 3302
1535 2520
1536 2520
427 2669
428 2669
112 2792
2272 2991
2273 2991
2274 2991
136 3270
504 3270
505 3270
506 3270
507 3270
508 3270
1938 2843
1712 2854
1105 2472
2007 2512
78 3019
1519 3258
1077 2820
1078 2820
1079 2820
1080 2820
1081 2820
1082 2820
1083 2820
390 3006
417 2452
418 2452
294 2598
295 2598
417 2738
418 2738
417 2812
418 2812
1993 2841
1995 2841
1996 2841
2006 2841
2007 2841
1489 3043
1495 3043
417 3201
999 2566
991 2877
2021 2414
196 2535
139 2575
975 3060
976 3060
977 3060
1144 2512
1145 2512
1151 2512
2084 2374
2085 2374
2015 2414
1369 2611
1651 2700
339 2533
2075 3048
216 2548
1080 2549
1081 2549
1082 2549
324 2598
325 2598
326 2598
1050 2751
1051 2751
1053 2751
139 3020
891 3171
303 2533
304 2533
305 2533
315 2533
316 2533
1324 2543
2108 2745
2109 2745
1847 3016
265 2533
269 2533
271 2533
1132 2512
1133 2512
551 2533
552 2533
553 2533
554 2533
555 2533
556 2533
557 2533
558 2533
559 2533
560 2533
561 2533
562 2533
563 2533
564 2533
565 2533
566 2533
1128 2539
1135 2539
1139 2539
1141 2539
1146 2539
1152 2539
1153 2539
417 2552
417 2779
418 2779
1358 3048
1977 3078
1535 3271
1536 3271
417 3282
1993 2414
1995 2414
2001 2414
1138 2512
1140 2512
1263 2548
2007 3043
975 3216
976 3216
497 2745
417 2641
418 2641
2078 3048
1978 3141
1186 2562
1187 2562
1188 2562
336 2598
796 3129
797 3129
798 3129
1002 2835
1519 2975
1150 2841
2062 2548
136 2790
504 2790
505 2790
506 2790
507 2790
508 2790
1975 2481
417 2627
417 2817
1138 2841
1140 2841
417 2948
418 2948
1048 3147
1049 3147
1769 2401
1770 2401
1771 2401
34 3301
1105 2505
1127 2638
1128 2638
1129 2638
1130 2638
1135 2638
1136 2638
1137 2638
1139 2638
1141 2638
1143 2638
1167 2841
903 2467
1736 2759
2076 2878
417 2825
418 2825
417 2970
418 2970
417 3049
418 3049
1767 3183
1768 3183
1769 3183
1770 3183
1771 3183
1776 3183
1777 3183
78 2416
1005 2698
1006 2698
1007 2698
1008 2698
1050 2429
1051 2429
1053 2429
906 2467
908 2467
902 2469
903 2469
1050 3181
1051 3181
1053 3181
1319 2908
1105 2548
1143 3233
1144 3233
1151 3233
1945 2684
1661 3006
586 2878
417 2431
418 2431
417 2432
418 2432
417 2510
418 2510
417 2690
417 2803
417 3131
592 3227
1276 2810
1277 2810
1278 2810
186 2843
1406 3024
728 3006
417 2480
418 2480
417 2547
417 3033
418 3033
417 3147
418 3147
427 3261
428 3261
1805 2467
1093 2830
108 2837
2112 3260
771 2667
772 2667
623 3068
1093 3239
1426 2698
1427 2698
1271 2810
1806 2469
695 2854
696 2854
697 2854
698 2854
1390 2920
978 2843
2112 2746
1074 3239
120 3141
1057 2406
416 3203
1430 2698
1431 2698
1943 2404
1944 2404
1704 2409
1705 2409
586 3107
971 3260
1319 2404
1162 2835
1405 2698
416 3169
421 3169
282 2365
303 2365
304 2365
305 2365
314 2365
315 2365
316 2365
974 2406
1291 2406
204 2425
2213 2480
34 3240
120 3240
1271 3066
34 3080
120 3080
1391 3016
1713 2821
184 2837
685 2837
686 2837
687 2837
688 2837
689 2837
2225 3241
481 2700
482 2700
1122 2785
238 3086
651 2382
652 2382
324 2996
325 2996
326 2996
327 2996
328 2996
1767 3043
1768 3043
1769 3043
1770 3043
1771 3043
1776 3043
1777 3043
334 2996
336 2996
1687 2785
822 3122
592 3231
541 3222
542 3222
543 3222
544 3222
265 3163
269 3163
271 3163
276 3163
281 3163
284 3163
285 3163
286 3163
303 3163
304 3163
305 3163
315 3163
316 3163
139 3229
444 3258
445 3258
446 3258
447 3258
448 3258
449 3258
450 3258
451 3258
452 3258
453 3258
454 3258
455 3258
456 3258
457 3258
458 3258
126 2407
181 2407
206 2407
811 2407
812 2407
1344 3141
1597 2810
1600 2810
1602 2810
2119 2996
2120 2996
2121 2996
481 2406
482 2406
1084 2854
1085 2854
1353 2920
1276 3066
1277 3066
1278 3066
1156 3081
1004 2854
1767 2404
1768 2404
1769 2404
1770 2404
1771 2404
1776 2404
1777 2404
586 2814
269 2917
271 2917
269 2484
271 2484
275 2484
276 2484
281 2484
282 2484
284 2484
285 2484
286 2484
294 2484
295 2484
296 2484
297 2484
298 2484
299 2484
300 2484
301 2484
302 2484
303 2484
304 2484
305 2484
313 2484
314 2484
315 2484
316 2484
319 2484
323 2484
324 2484
325 2484
326 2484
327 2484
328 2484
329 2484
330 2484
331 2484
332 2484
334 2484
335 2484
336 2484
337 2484
338 2484
339 2484
341 2484
342 2484
343 2484
344 2484
345 2484
347 2484
1611 2715
1612 2715
1613 2715
1622 2715
1624 2715
1930 2843
1933 2843
1934 2843
1936 2843
1941 2843
286 2917
302 2917
303 2917
304 2917
305 2917
314 2917
315 2917
316 2917
139 2750
1607 2920
1608 2920
1609 2920
1610 2920
1611 2920
1612 2920
1613 2920
1614 2920
1615 2920
1616 2920
1617 2920
2169 3004
2170 3004
2076 2784
997 2888
998 2888
2190 3016
2192 3016
2228 3211
1369 3258
1372 3258
375 2905
376 2905
265 2649
2004 2778
2010 2778
2014 2778
1547 3039
1548 3039
1550 3039
1736 2382
980 2406
1169 2835
1173 2835
1174 2835
2203 2835
551 3016
552 3016
553 3016
554 3016
555 3016
556 3016
557 3016
558 3016
566 3016
950 2369
953 2369
954 2369
1943 2406
1944 2406
1773 2412
1651 3222
1653 3222
730 2406
187 2612
991 2631
282 2649
303 2649
304 2649
305 2649
315 2649
316 2649
331 2649
332 2649
339 2649
1284 2698
2028 2778
2033 2778
2039 2778
1953 3139
1406 2543
263 3135
88 3141
2224 3141
1904 3218
1905 3218
1907 3218
586 2361
1801 2466
1802 2466
1803 2466
2026 2778
1992 2785
1525 2810
1154 2835
1560 3171
1050 2837
1051 2837
1053 2837
1930 3207
1933 3207
1934 3207
1941 3207
2118 2598
2119 2598
2120 2598
2121 2598
1755 2661
1569 2694
1570 2694
1571 2694
586 2761
477 3006
1677 3016
2212 3049
139 3207
2042 2835
1496 2849
996 3086
997 3086
998 3086
2065 2584
2228 2716
1154 2785
1620 2816
1621 2816
1622 2816
1624 2816
1625 2816
1491 2849
1493 2849
1494 2849
586 3041
1349 3240
1088 2406
1089 2406
1090 2406
184 2453
685 2453
686 2453
687 2453
688 2453
689 2453
374 2809
1991 2835
999 2975
1670 3016
1672 3016
586 3056
1372 3086
69 2366
1020 2700
1930 2975
1933 2975
1934 2975
1941 2975
1319 3222
1155 2778
2211 3048
2230 3200
2231 3200
1042 2512
1044 2512
1157 2785
1158 2785
695 3182
696 3182
698 3182
1084 2611
366 2631
367 2631
1490 2835
1492 2835
227 2854
610 2972
1981 3030
280 3039
312 3039
374 3223
2045 2778
1669 2785
764 3016
765 3016
766 3016
767 3016
768 3016
1767 3175
1768 3175
1769 3175
1770 3175
1771 3175
1776 3175
1777 3175
331 3194
332 3194
444 3251
445 3251
446 3251
447 3251
448 3251
449 3251
450 3251
451 3251
452 3251
453 3251
454 3251
455 3251
163 2700
2006 2785
2011 2785
2029 2835
586 2961
334 3039
335 3039
337 3039
338 3039
341 3039
342 3039
343 3039
344 3039
345 3039
2115 2357
2116 2357
2117 2357
2118 2357
2119 2357
2120 2357
1123 2778
1131 2778
1683 3004
1684 3016
1349 3078
34 3087
120 3087
1713 3139
1340 3141
1651 2602
1653 2602
1127 3171
1135 3171
1137 3171
1143 3171
721 2382
722 2382
723 2382
724 2382
725 2382
726 2382
727 2382
1329 2524
156 2631
652 2752
721 2837
722 2837
723 2837
286 2854
1128 3001
1129 3001
1130 3001
1136 3001
1139 3001
1141 3001
1145 3001
1152 3001
1153 3001
1156 3001
265 3194
269 3194
271 3194
276 3194
281 3194
284 3194
285 3194
296 3194
297 3194
298 3194
299 3194
300 3194
301 3194
313 3194
481 3222
482 3222
1163 2778
2261 2850
2101 3039
2102 3039
1048 3305
1968 2631
837 2638
2048 2778
34 3156
120 3156
1407 2543
702 2611
703 2611
704 2611
705 2611
706 2611
707 2611
1689 2816
1542 3127
1223 3147
1224 3147
1225 3147
1226 3147
1227 3147
1228 3147
452 3222
1566 2631
303 2854
314 2854
1105 2877
1812 3006
1145 3171
1146 3171
1152 3171
1153 3171
1156 3171
990 2425
999 2640
339 2854
1681 3016
1316 3141
2076 3216
2077 3216
1608 2357
1609 2357
1610 2357
1618 2357
1620 2357
1621 2357
1624 2357
1625 2357
1629 2357
1630 2357
1631 2357
190 2481
974 2548
1678 2809
64 3039
1925 3039
1926 3039
1927 3039
1928 3039
1929 3039
1116 2700
2190 2785
2192 2785
1330 2789
1252 3083
1259 3083
276 3302
285 3302
296 3302
297 3302
1075 2404
801 2433
807 2433
1278 2437
631 2638
2222 2854
416 2888
986 3115
1137 3136
819 3137
34 3200
120 3200
327 3302
328 3302
335 3302
344 3302
1838 3302
1839 3302
1840 3302
1841 3302
1842 3302
1843 3302
1844 3302
1130 3092
1669 3199
1670 3199
1671 3199
1672 3199
1673 3199
1674 3199
457 3222
458 3222
1960 2396
1125 3081
1126 3081
1132 3081
1133 3081
1132 3136
1133 3136
2025 2835
2077 2888
2076 2480
2021 2512
2023 2512
2027 2512
2029 2512
2030 2512
2034 2512
999 2791
1355 3284
118 2406
1702 2850
1703 2850
1075 3183
1075 2548
1496 3043
2023 2414
2027 2414
2029 2414
2030 2414
2034 2414
1391 2791
2011 2841
1491 3043
1493 3043
1494 3043
88 3225
2224 3225
158 2425
280 2598
34 2747
120 2747
999 2839
2076 2888
88 2379
2224 2379
1428 2493
1393 3062
1077 3160
1078 3160
1079 3160
1080 3160
1081 3160
1082 3160
1083 3160
999 3181
1701 2409
1156 2512
2075 2598
1248 2684
1653 2700
416 2816
586 3195
586 2433
1569 2602
1570 2602
1571 2602
1488 2794
101 3006
2211 2365
2102 2424
1116 2472
1272 2527
1538 2548
323 2598
34 2637
120 2637
503 3006
1953 3138
610 2507
64 2765
1925 2765
1926 2765
1927 2765
1928 2765
1929 2765
285 2533
286 2533
298 2533
299 2533
300 2533
301 2533
302 2533
313 2533
314 2533
987 2607
1274 3063
1275 3063
1278 3063
275 2533
276 2533
281 2533
331 2533
332 2533
1488 2795
1846 3016
1144 2539
1145 2539
1083 2549
1736 2993
2017 3043
2021 3043
2101 3073
2102 3073
1211 3251
1451 3305
1452 3305
1453 3305
1454 3305
1455 3305
1456 3305
730 2412
1978 3078
1546 2357
1547 2357
1481 2472
1358 2854
595 2989
1274 3106
1275 3106
1278 3106
819 3135
1546 3201
1547 3201
1548 3201
1550 3201
1127 2539
1137 2539
1263 2824
2101 3302
2102 3302
1755 2531
335 2598
343 2598
344 2598
347 2598
2006 3043
2011 3043
164 2562
1189 2562
1190 2562
352 2598
1372 2611
1303 2837
1304 2837
2004 2414
2010 2414
2012 2414
2016 2414
2019 2414
427 2491
428 2491
187 2642
34 2777
120 2777
1105 2792
1163 2841
156 3183
586 2764
179 2409
1211 2420
1054 2868
1666 2472
595 2423
1755 2532
197 3006
416 2374
421 2374
788 2428
1125 2512
1126 2512
549 2533
550 2533
586 2815
423 2880
1379 3006
695 3049
696 3049
698 3049
977 3216
120 3301
34 2766
120 2766
1945 2824
112 2404
1144 2638
1145 2638
1146 2638
1151 2638
1152 2638
1153 2638
1156 2638
819 2837
1168 2841
1169 2841
1171 2841
1671 3039
1674 3039
1713 3215
1134 2638
1138 2638
1140 2638
1546 3062
1547 3062
1548 3062
1550 3062
167 2409
2223 2591
2077 2878
1943 3183
1944 3183
1838 3039
1839 3039
1840 3039
1841 3039
1842 3039
1843 3039
1844 3039
1755 2411
417 2657
418 2657
417 3158
418 3158
481 3183
482 3183
139 2535
1011 2864
1012 2864
1013 2864
1014 2864
1015 2864
509 2533
427 2609
428 2609
1105 2734
1363 3200
1364 3200
1365 3200
1366 3200
1367 3200
1159 3233
1165 3233
649 3183
650 3183
1019 3006
906 2469
908 2469
987 3141
586 2645
163 2746
2267 2705
1134 3233
1011 3281
1012 3281
1013 3281
1014 3281
1015 3281
416 2435
416 2516
417 2578
418 2578
417 2579
418 2579
13 2391
1116 2412
1323 2698
193 3006
1405 3024
1105 2412
1327 2698
1328 2698
2064 3006
1558 3006
1291 2412
991 2412
417 2603
418 2603
586 2845
986 2923
987 3240
163 2962
771 3252
772 3252
541 2404
542 2404
543 2404
544 2404
909 2467
1651 2746
1280 2810
1281 2810
819 2382
144 2409
1343 2698
1393 3219
1977 2908
1806 2467
771 2657
772 2657
1391 2867
2095 3260
2096 3260
1270 2810
1457 2908
978 3122
40 3006
96 2409
1248 3258
2265 2409
1297 2698
1349 3080
1433 2406
1690 2920
1691 2920
1532 3135
1539 3236
423 3174
421 3203
2316 2409
1903 2426
498 3214
499 3214
500 3214
1411 2698
1074 3170
96 2481
1059 3290
1060 3290
1061 3290
1062 3290
1063 3290
1064 3290
1065 3290
1066 3290
1067 3290
1068 3290
1747 2404
214 2837
412 2837
498 3093
2316 2796
639 3135
640 3135
641 3135
642 3135
822 2453
2225 2799
685 2843
686 2843
687 2843
688 2843
689 2843
1274 3134
1275 3134
619 2854
265 2365
269 2365
271 2365
275 2365
276 2365
280 2365
281 2365
284 2365
285 2365
286 2365
294 2365
295 2365
296 2365
297 2365
298 2365
299 2365
300 2365
301 2365
302 2365
312 2365
313 2365
319 2365
1116 2406
1747 2406
882 3083
13 2392
423 2659
93 2404
1650 2406
1274 2738
1275 2738
239 3086
498 2560
500 2560
501 2560
502 2560
983 2406
897 2467
897 2469
111 3006
592 3217
624 2843
244 2854
2075 2917
323 2996
1429 2698
1310 3086
965 2437
966 2437
967 2437
968 2437
969 2437
970 2437
515 2467
331 3163
332 3163
339 3163
649 2412
650 2412
88 2799
2224 2799
216 2877
2118 2996
1077 3103
1078 3103
1079 3103
1080 3103
1081 3103
275 3163
296 3163
297 3163
298 3163
299 3163
300 3163
301 3163
302 3163
313 3163
314 3163
319 3163
1377 2992
264 2996
266 2996
268 2996
270 2996
272 2996
274 2996
277 2996
1265 3258
1266 3258
1425 3267
516 2406
497 2522
1392 2705
819 2997
1263 3006
1986 3182
2077 3288
695 2996
1270 3066
1280 3066
1281 3066
695 3141
280 3163
331 2365
332 2365
1395 2467
1396 2467
1489 2841
1490 2841
1491 2841
1492 2841
1493 2841
1494 2841
1495 2841
1496 2841
1500 2841
2057 2920
2058 2920
2059 2920
2060 2920
595 2865
819 2453
1235 2481
1410 2543
819 2843
339 2365
186 2837
1393 3165
1142 2785
1603 2810
439 3016
440 3016
441 3016
423 2560
436 2843
416 2875
265 2917
276 2917
281 2917
975 2577
976 2577
977 2577
2126 2996
2127 2996
2128 2996
2133 2996
2134 2996
2135 2996
1552 2406
245 2425
1274 2739
1275 2739
1116 2843
1618 2920
1619 2920
335 2996
337 2996
338 2996
342 2996
343 2996
344 2996
347 2996
488 3006
489 3006
490 3006
1004 3080
1159 3081
1165 3081
1391 3182
793 3187
902 2466
906 2466
908 2466
175 2575
1157 2835
1158 2835
293 2996
312 2996
2075 3069
1086 3141
1630 2715
1640 2715
792 2749
737 3086
1370 3086
1596 3290
190 2409
348 2484
349 2484
437 2854
605 2854
886 3006
1286 3016
265 3086
1303 3086
1304 3086
1532 3212
481 2631
482 2631
1075 2773
2013 2778
2000 2785
298 2917
299 2917
300 2917
301 2917
313 2917
592 3049
186 3135
1824 3228
1825 3228
1826 3228
1827 3228
1828 3228
1829 3228
333 2484
346 2484
1652 2700
996 2785
997 2785
998 2785
1000 2785
1001 2785
2076 2785
2077 2785
631 2810
1354 2920
88 3067
2224 3067
1319 2425
1800 2466
1608 2715
1609 2715
1610 2715
1618 2715
1620 2715
1621 2715
1605 2816
1606 2816
1252 3049
1259 3049
1527 3290
1176 2406
1397 2467
269 2649
271 2649
275 2649
276 2649
281 2649
284 2649
285 2649
286 2649
294 2649
295 2649
296 2649
297 2649
298 2649
299 2649
300 2649
301 2649
302 2649
313 2649
314 2649
319 2649
323 2649
324 2649
325 2649
326 2649
327 2649
328 2649
329 2649
330 2649
333 2649
334 2649
335 2649
336 2649
337 2649
338 2649
341 2649
342 2649
343 2649
344 2649
345 2649
346 2649
347 2649
541 2700
542 2700
543 2700
544 2700
2032 2778
1953 2799
1903 2859
999 2888
819 2998
235 3080
236 3080
237 3080
238 3080
497 2524
93 2631
1986 2812
1987 2812
377 2905
615 2920
616 2920
2184 3006
112 2406
515 2476
1359 2571
2061 2631
644 2810
1626 2816
1628 2816
1629 2816
1630 2816
1631 2816
1632 2816
1682 2835
1105 2859
1071 2972
352 2996
819 3002
2198 3004
597 3129
1736 3151
112 3222
1651 2404
1653 2404
2052 2467
2053 2467
1649 2700
1623 2816
1990 2835
1116 2859
1906 3218
1093 2374
1326 2522
12 2631
695 2792
696 2792
697 2792
698 2792
866 2810
867 2810
868 2810
1519 2843
1594 2991
2254 3173
2048 2835
264 2854
1059 2861
1060 2861
1061 2861
1062 2861
1063 2861
1064 2861
1065 2861
1066 2861
1067 2861
1068 2861
771 2983
772 2983
264 3039
1150 3081
136 3132
504 3132
505 3132
506 3132
507 3132
508 3132
1546 3302
1547 3302
1548 3302
1550 3302
586 2686
822 3002
265 3083
269 3083
271 3083
275 3083
276 3083
1055 2740
1252 2746
1259 2746
1105 2843
730 2909
1669 3016
796 3039
797 3039
798 3039
802 3039
805 3039
1754 3075
763 3086
2076 3095
2077 3095
942 2369
1318 3006
293 3039
311 3039
1077 3076
1078 3076
1079 3076
1080 3076
1000 3086
1001 3086
329 3194
330 3194
2228 2403
586 2461
1395 2469
1396 2469
423 2554
1085 2611
1161 2785
2012 2785
2015 2785
2016 2785
2188 2835
1380 2843
823 3062
282 3083
667 3147
1908 3218
1909 3218
1527 3227
1529 3227
1530 3227
1077 2395
1078 2395
1079 2395
1080 2395
1081 2395
1082 2395
1083 2395
1975 2591
1147 2778
1500 2849
333 3039
1138 3081
1140 3081
819 3160
697 3182
1391 3185
1202 2445
695 2640
696 2640
698 2640
2204 2835
2205 2835
1687 2854
1377 2991
322 3039
892 3201
601 3258
1743 2374
515 2469
2044 2778
1489 2835
1495 2835
1319 3032
1685 3048
2077 3052
1953 3120
1164 3136
2003 2835
1356 3194
1059 3218
1060 3218
1061 3218
1062 3218
1063 3218
1064 3218
1065 3218
1066 3218
1067 3218
1068 3218
2077 3269
2121 2357
960 2545
961 2545
962 2545
963 2545
40 2548
2004 2785
2005 2785
2010 2785
1392 2991
319 3194
281 2854
284 2854
285 2854
332 2854
999 3182
1274 2395
1275 2395
1278 2395
1246 2478
730 2548
649 2598
650 2598
651 2752
2023 2785
2199 2785
2200 2785
2201 2785
2065 3038
882 3108
163 3212
1398 3222
1043 2512
1326 2524
1307 2611
691 2650
692 2650
88 2864
2224 2864
2228 2959
2225 3161
275 3194
294 3194
295 3194
1331 3222
1332 3222
1333 3222
1334 3222
1335 3222
1336 3222
1337 3222
1338 3222
1339 3222
456 3251
457 3251
458 3251
442 2406
1956 2669
1869 2700
950 2854
953 2854
423 2954
1683 3016
423 3059
1003 3086
1315 3141
1290 3207
1411 2543
1678 2611
352 2854
1004 2920
93 3222
1049 3305
1903 2584
2018 2835
1207 2991
1208 2991
1159 3001
1164 3001
1165 3001
163 3006
139 3162
1144 3171
1151 3171
339 3194
2211 3291
1403 2406
808 2433
1490 2651
2047 2778
226 2854
1651 2877
1653 2877
2065 3086
1043 3173
586 3175
1870 2357
1871 2357
516 2404
1312 2454
1981 2700
1274 2787
1275 2787
2272 2854
2273 2854
2274 2854
2248 3006
1685 3077
1202 3222
1129 2414
1130 2414
693 2859
1127 3001
1135 3001
1137 3001
1143 3001
1144 3001
1151 3001
374 3016
721 3220
722 3220
723 3220
724 3220
725 3220
726 3220
727 3220
1553 2357
2101 2410
2102 2410
1050 2453
1051 2453
1053 2453
1767 2548
1768 2548
1769 2548
1770 2548
1771 2548
1776 2548
1777 2548
1489 2778
1490 2778
1492 2778
1495 2778
1681 2785
263 2837
1509 2849
301 2854
302 2854
1116 2877
1620 3130
1621 3130
1622 3130
1623 3130
1624 3130
1625 3130
1138 3136
1140 3136
1143 3136
1829 3185
1560 3291
2075 2365
1270 2437
1271 2437
1272 2437
1319 2700
1167 2785
990 3006
1977 3080
1978 3080
1123 3081
1124 3081
1131 3081
1126 3136
1144 3136
1145 3136
1156 3136
1159 3171
1164 3171
1165 3171
950 3172
953 3172
954 3172
187 2517
1943 2548
1944 2548
1074 2814
1626 2357
1628 2357
819 2450
730 2859
163 2883
1116 2908
1315 3006
1316 3006
1385 3124
1546 3128
1547 3128
2076 3136
2077 3136
1670 3187
1671 3187
1672 3187
1673 3187
1674 3187
2077 2759
407 3006
585 3056
892 3147
456 3222
1050 3240
1051 3240
1053 3240
1554 2357
595 2494
264 2598
266 2598
268 2598
270 2598
272 2598
274 2598
277 2598
934 2644
2101 2715
2102 2715
1167 2778
541 2877
542 2877
543 2877
544 2877
442 3043
1391 3086
1139 3092
1141 3092
325 3302
326 3302
337 3302
338 3302
343 3302
2114 2357
2062 2404
849 2638
853 2638
857 2638
2026 2835
331 2854
1127 3092
1128 3092
1129 3092
1135 3092
1136 3092
1137 3092
991 2404
444 2427
445 2427
446 2427
447 2427
448 2427
451 2427
455 2427
1394 2469
2077 2480
996 2566
997 2566
998 2566
1000 2566
1001 2566
1471 2617
1472 2617
1473 2617
1474 2617
34 2791
1594 2791
1488 2861
1369 3151
275 3302
281 3302
284 3302
294 3302
295 3302
1277 2437
1176 2548
627 2638
628 2638
969 2819
970 2819
2001 2841
2004 2841
139 3199
649 2404
650 2404
965 2590
966 2590
967 2590
2084 2861
2085 2861
421 2888
175 2895
88 3133
1702 3147
1703 3147
536 3284
1632 2357
1633 2357
2042 2512
819 2548
1930 2548
1933 2548
1934 2548
1941 2548
1451 2553
1452 2553
1453 2553
1454 2553
1455 2553
1456 2553
1274 2606
1275 2606
1277 2606
822 2607
818 2364
2025 2414
2031 2414
2035 2414
2036 2414
1459 2469
1996 2512
2006 2512
2011 2512
2015 2512
1248 2523
1139 3004
1968 2472
423 2597
1112 3006
1113 3006
1114 3006
1115 3006
423 3201
284 2533
294 2533
295 2533
296 2533
297 2533
1971 2543
312 2598
1358 2810
1583 2810
1519 2888
175 2967
525 3084
1736 3220
326 2533
327 2533
328 2533
329 2533
330 2533
334 2533
335 2533
336 2533
343 2533
344 2533
516 2548
996 2839
997 2839
1271 2527
1130 2611
2211 2817
586 2980
347 3039
2309 3086
2310 3086
1391 3181
1042 3257
1043 3257
1044 3257
1361 2357
2065 2404
1274 2527
1275 2527
730 2598
2023 3043
2027 3043
1848 3179
1248 3209
929 2462
1149 2512
1150 2512
1767 2829
1768 2829
1776 2829
1777 2829
2269 2991
2270 2991
2271 2991
129 2996
1248 2996
511 3006
2001 3043
1272 3063
1276 3063
1277 3063
1280 3063
1281 3063
1055 3175
1312 3261
889 2357
762 2404
333 2598
1652 2753
422 2861
1211 2929
882 2486
568 2533
569 2533
570 2533
571 2533
572 2533
573 2533
1143 2539
1151 2539
1077 2602
1078 2602
1079 2602
771 2723
772 2723
1671 2875
1673 2875
1674 2875
941 3039
2015 3043
2016 3043
1274 3175
1275 3175
1156 2539
1306 2702
1307 2702
1308 2702
2101 3105
2102 3105
1276 3106
1277 3106
423 2356
597 2365
698 2369
1323 2543
423 2552
586 2968
2287 2993
2288 2993
2289 2993
2290 2993
2291 2993
2292 2993
2293 2993
2294 2993
112 3006
1992 2414
2064 2488
148 2548
1729 2548
337 2598
338 2598
342 2598
1867 2843
999 3092
1202 3183
349 2598
1248 2810
802 3129
805 3129
978 3204
1075 2472
620 3006
498 3070
499 3070
500 3070
1546 3123
1547 3123
1548 3123
1550 3123
1392 2605
1133 2841
1214 3012
1216 3012
1217 3012
1218 3012
1219 3012
1220 3012
1221 3012
1582 3212
2020 2414
1419 2437
771 2441
772 2441
209 3006
1747 3006
1981 2587
882 2841
785 2972
822 3220
204 2404
548 2533
1846 2920
1484 2958
697 3049
2013 2414
2014 2414
541 2548
542 2548
543 2548
544 2548
423 2627
586 2744
423 2817
1149 2841
423 2903
987 2928
2228 2953
2076 3092
2077 3092
795 3129
1128 2537
1129 2537
1130 2537
1135 2537
1136 2537
126 3306
181 3306
206 3306
810 3306
811 3306
812 3306
1116 2792
1672 3039
1673 3039
1678 3039
1679 3039
216 2556
1274 2567
1275 2567
1277 2567
1742 2850
423 2873
150 3006
203 3006
1714 3006
1715 3006
1716 3006
1717 3006
1718 3006
1977 3176
1248 2755
1307 3049
1116 2505
1150 2638
1159 2638
1163 2638
1164 2638
1165 2638
1451 2857
1452 2857
1453 2857
1454 2857
1455 2857
1456 2857
163 3183
1651 3183
1653 3183
1124 2512
1132 2638
1133 2638
1172 2841
1173 2841
1174 2841
1308 3049
1323 2524
442 3006
1481 3183
265 3219
541 2505
542 2505
543 2505
544 2505
1041 2706
423 2741
771 2863
772 2863
1050 2852
1051 2852
1053 2852
513 3006
1953 3164
1263 2404
1116 2734
2226 2360
2227 2360
88 3060
2224 3060
1164 3233
2211 2655
164 2841
1186 2841
1187 2841
1188 2841
1189 2841
1190 2841
1409 3024
1108 3207
1563 2454
1017 3006
1018 3006
1150 3233
1116 3183
421 2435
421 2516
586 2549
423 2690
423 2803
423 2939
423 3131
136 3145
504 3145
505 3145
506 3145
507 3145
508 3145
1274 3233
1275 3233
245 2908
1105 2908
481 2401
482 2401
1470 3006
1138 3233
1458 2406
1323 2404
771 2428
772 2428
819 2429
586 2501
423 2547
417 2828
418 2828
1466 2986
1467 2986
1468 2986
423 3184
503 2908
1981 2409
2064 2425
905 2467
1719 2869
905 2469
1324 2698
527 2409
158 2908
909 2469
933 2908
587 2878
1981 2401
1424 2698
585 2878
143 3006
2054 2406
1282 2810
1946 2810
1116 2746
1109 2789
34 3086
911 2467
912 2467
1397 2698
1279 2810
1363 2972
1364 2972
1365 2972
1366 2972
1367 2972
216 2386
1515 2843
133 2406
1331 2700
1332 2700
1333 2700
1334 2700
1335 2700
1336 2700
1337 2700
1338 2700
1339 2700
1651 2401
1653 2401
442 2404
1321 2406
93 3043
1720 2698
423 2829
1299 2698
1300 2698
1301 2698
1302 2698
1692 2920
1693 2920
1694 2920
1964 2673
1971 2698
184 2843
2075 3171
2078 3171
999 3150
1902 2481
1105 2746
730 2445
1268 2810
1269 2810
1273 2810
1749 2409
1750 2409
771 2393
772 2393
499 2560
240 3086
420 3203
730 2401
1856 2854
1857 2854
1858 2854
1271 2952
1272 2952
1249 2955
499 3093
1773 2401
1363 2784
1364 2784
1365 2784
1366 2784
1367 2784
1421 3161
695 2598
406 2631
2162 2700
2163 2700
2164 2700
2165 2700
1402 2746
1404 2746
643 3135
1855 3290
648 2996
585 3107
587 3107
1271 3134
1272 3134
1369 3141
186 2382
718 2382
719 2382
720 2382
1329 2698
501 3214
899 2467
675 2611
676 2611
677 2611
678 2611
469 2806
2157 2700
2158 2700
1058 2797
1651 3043
1277 3134
1853 2406
730 2426
1293 2698
1294 2698
1056 2713
1509 2835
595 3167
420 3169
648 3230
1388 2611
1376 2992
1563 3039
324 3163
325 3163
326 3163
327 3163
328 3163
329 3163
330 3163
334 3163
335 3163
336 3163
337 3163
338 3163
342 3163
343 3163
344 3163
1307 2843
294 3163
295 3163
163 2406
1091 2467
1866 2528
1515 2790
1526 2922
1527 2922
1528 2922
1529 2922
1530 2922
1531 2922
1696 3049
2101 3068
2102 3068
264 3163
266 3163
268 3163
270 3163
272 3163
277 3163
283 3163
287 3163
1274 3258
1275 3258
1277 3258
204 2406
1424 2467
698 2996
771 3000
772 3000
1082 3103
1083 3103
1285 2698
1564 2783
611 2810
612 2810
613 2810
614 2810
615 2810
616 2810
312 3163
899 2469
1319 2631
1278 2738
121 2631
124 2631
127 2631
1142 2835
1663 3086
136 3234
504 3234
505 3234
506 3234
507 3234
508 3234
293 2365
311 2365
1397 2543
557 2835
558 2835
559 2835
560 2835
561 2835
562 2835
563 2835
564 2835
423 2979
2113 2996
2114 2996
2115 2996
2116 2996
2117 2996
728 2425
283 2996
287 2996
288 2996
291 2996
292 2996
311 2996
2142 2996
498 3179
499 3179
500 3179
889 3219
1282 3066
1283 3066
1164 3081
1031 3086
1382 3086
2078 3194
1719 2895
1130 3132
235 3182
236 3182
237 3182
238 3182
1727 3225
322 2365
323 2365
324 2365
325 2365
326 2365
327 2365
328 2365
329 2365
330 2365
333 2365
334 2365
335 2365
336 2365
1419 2376
1729 2406
1990 2785
1991 2785
1161 2835
2208 2854
2209 2854
1961 3086
2269 3086
2270 3086
2271 3086
2272 3086
2273 3086
2274 3086
1830 3228
1831 3228
1832 3228
1833 3228
1834 3228
1835 3228
1836 3228
2316 2406
280 2484
312 2484
322 2484
1398 2700
186 2789
1743 2920
279 2996
503 2406
1756 2406
2061 2406
1327 2522
1328 2522
1286 2611
145 2631
1667 2809
1668 2809
1675 2809
1377 2814
1499 2841
984 2995
264 3086
1394 2467
819 2700
2075 2785
634 2810
635 2810
1938 3115
726 3118
727 3118
995 3141
903 2466
1428 2469
154 2568
280 2649
312 2649
322 2649
1403 2698
649 2700
650 2700
1466 2871
1467 2871
1468 2871
421 2875
284 2917
285 2917
296 2917
297 2917
695 2991
333 2996
341 2996
345 2996
585 3041
163 3043
423 3210
1930 2406
1933 2406
1934 2406
1941 2406
1903 2737
1275 2833
1278 2833
1398 2859
1977 2991
1978 2991
695 3078
592 3270
1020 3271
156 2406
971 2437
792 2478
1102 2715
1560 2854
1813 2854
1677 2905
359 2996
1773 3043
1268 3066
1269 3066
1273 3066
1279 3066
866 3172
867 3172
868 3172
1237 3196
1238 3196
1239 3196
1240 3196
1241 3196
1938 3222
1370 3258
2076 3288
1428 2406
2077 2717
1278 2739
1627 2816
435 2843
1669 2891
1670 2891
1671 2891
1672 2891
1673 2891
1674 2891
1202 3006
1658 3097
108 3135
172 2409
1515 2453
999 2843
1515 3002
350 2484
585 2814
587 2814
2046 2835
1519 2854
1678 2905
1072 2972
1073 2972
873 3016
1563 3187
1778 3226
889 3230
628 2810
1598 2810
1599 2810
1601 2810
1501 2841
1502 2841
1503 2841
1504 2841
1505 2841
1506 2841
1086 2854
1391 2854
1392 3086
1084 3258
2061 2401
2157 2404
2158 2404
909 2466
351 2484
352 2484
139 2548
1130 2651
1136 2651
728 2859
1465 2896
275 2917
235 3016
236 3016
237 3016
2076 3061
718 3135
719 3135
720 3135
1767 3188
1768 3188
1769 3188
1770 3188
1771 3188
1776 3188
1777 3188
1944 3267
1938 2406
2162 2406
2163 2406
2164 2406
2165 2406
586 2557
1116 2584
2126 2598
2127 2598
2128 2598
2133 2598
2134 2598
2135 2598
2112 2631
979 2700
163 2752
1596 2899
1792 2944
2191 3004
2195 3004
585 3109
586 3109
1390 3227
486 3250
487 3250
1551 3302
1532 2382
527 2481
1629 2715
1631 2715
1632 2715
1633 2715
1637 2715
1501 2849
266 3039
268 3039
270 3039
272 3039
274 3039
277 3039
279 3039
283 3039
287 3039
288 3039
289 3039
290 3039
291 3039
292 3039
306 3039
308 3039
309 3039
310 3039
317 3039
225 3086
991 3115
1307 3171
1308 3171
1309 3171
1651 2631
1653 2631
697 2640
1075 2737
604 2854
1206 2854
1207 2854
1208 2854
1308 2854
892 2911
656 2920
657 2920
658 2920
659 2920
660 2920
661 2920
662 2920
2078 2996
1149 3081
696 3141
698 3141
1864 2406
1399 2467
1091 2469
1767 2602
1768 2602
1769 2602
1770 2602
1771 2602
1776 2602
1777 2602
1323 2700
645 2810
950 2841
611 2920
612 2920
613 2920
614 2920
348 2996
349 2996
485 3053
281 3083
284 3083
285 3083
286 3083
303 3083
304 3083
305 3083
315 3083
316 3083
541 3115
542 3115
543 3115
544 3115
186 3122
2237 3150
1960 3284
1526 3290
375 2809
376 2809
377 2809
1499 2849
1306 2975
1307 2975
568 3016
569 3016
570 3016
571 3016
572 3016
1081 3076
1082 3076
1083 3076
108 3122
1288 3146
2122 2357
2124 2357
2223 2594
2013 2785
2014 2785
2078 2801
1438 2810
1439 2810
1592 2810
721 3086
722 3086
723 3086
724 3086
725 3086
726 3086
727 3086
721 3135
722 3135
723 3135
724 3135
725 3135
726 3135
727 3135
2076 3269
1075 2402
585 2686
1938 2700
1154 2778
1243 2854
1244 2854
329 2917
330 2917
331 2917
332 2917
530 2920
531 2920
532 2920
1077 3086
1078 3086
1079 3086
1080 3086
1081 3086
1082 3086
1083 3086
699 3182
700 3182
701 3182
180 3222
1969 3260
1970 3260
375 3305
376 3305
1324 2522
1943 2631
1944 2631
1623 2715
1546 2816
1547 2816
1548 2816
1633 2816
1865 2843
1307 2854
876 2971
877 2971
878 2971
879 2971
547 3016
548 3016
549 3016
550 3016
1084 3086
2071 3218
1075 3222
2077 3258
956 2369
423 2456
1274 2570
1275 2570
1045 2638
1046 2638
1870 2638
1871 2638
1872 2638
1873 2638
1874 2638
1875 2638
1876 2638
1878 2638
1879 2638
1880 2638
1881 2638
585 2761
587 2761
1162 2778
2041 2778
2043 2778
1003 2991
80 3006
587 3041
1747 3222
2112 3228
479 2406
1020 2406
1128 2545
1129 2545
1130 2545
1135 2545
1136 2545
1139 2545
1141 2545
1144 2545
1145 2545
1146 2545
1152 2545
1153 2545
1156 2545
730 2631
1596 2737
2019 2785
2020 2785
954 2854
282 2888
286 2888
301 2888
302 2888
303 2888
304 2888
305 2888
314 2888
315 2888
316 2888
329 2888
330 2888
331 2888
332 2888
334 2888
336 2888
339 2888
1544 2991
895 3042
896 3042
898 3042
425 3086
2076 3146
2077 3146
1088 3222
1089 3222
1090 3222
478 3284
1272 2787
1578 2801
1579 2801
1580 2801
1581 2801
280 2854
741 2861
742 2861
710 3016
2119 3039
2120 3039
2121 3039
2126 3039
2127 3039
2128 3039
2133 3039
2134 3039
2135 3039
1031 3160
1996 2545
2006 2545
2007 2545
2011 2545
2015 2545
2017 2545
2021 2545
2023 2545
2025 2545
197 2700
1989 2835
1994 2835
1998 2835
1999 2835
1674 3043
1678 3043
379 3051
380 3051
381 3051
1899 3086
334 3194
336 3194
1048 3201
891 2357
587 2361
943 2369
944 2369
945 2369
946 2369
947 2369
948 2369
949 2369
951 2369
952 2369
1341 2469
179 2481
1327 2524
1328 2524
1669 2611
1670 2611
1671 2611
1672 2611
1673 2611
1674 2611
1677 2611
1206 2638
1207 2638
1208 2638
1205 2991
1206 2991
1303 2991
2076 3052
1930 3086
1933 3086
1934 3086
1941 3086
324 3194
325 3194
326 3194
327 3194
328 3194
2118 3194
2119 3194
2120 3194
2121 3194
197 3222
1398 2406
1457 2565
1910 2631
93 2700
942 2841
943 2841
944 2841
945 2841
946 2841
947 2841
1252 2843
1259 2843
1792 2941
1685 3027
891 3047
1369 3080
1372 3080
1205 3141
1206 3141
1207 3141
1208 3141
796 3187
797 3187
798 3187
802 3187
805 3187
819 3222
1526 3227
1528 3227
1531 3227
1272 2395
1276 2395
1277 2395
1280 2395
1281 2395
215 2406
819 2406
1262 2406
1940 2406
1136 2414
889 2424
503 2631
1377 2801
2260 2850
1684 3004
216 3115
1546 3165
1547 3165
1548 3165
1550 3165
1595 3242
1362 3258
186 2453
2113 2598
2114 2598
2115 2598
2116 2598
2117 2598
1306 2611
829 2638
830 2638
831 2638
832 2638
833 2638
834 2638
835 2638
836 2638
838 2638
839 2638
840 2638
842 2638
843 2638
1489 2651
1492 2651
1495 2651
1496 2651
282 2759
303 2759
304 2759
305 2759
314 2759
315 2759
316 2759
331 2759
332 2759
339 2759
2250 2835
1510 2849
1512 2849
1513 2849
1764 2859
2064 2929
1435 2965
1436 2965
436 2991
721 3160
722 3160
723 3160
724 3160
725 3160
726 3160
727 3160
975 2382
976 2382
977 2382
1045 2512
1046 2512
1384 2605
2198 2611
486 2625
487 2625
1481 2631
1403 2700
1713 2758
1122 2778
2268 2817
252 2854
253 2854
1319 2877
1938 2877
585 2961
587 2961
423 3014
1682 3016
1088 3115
1089 3115
1090 3115
1105 3115
423 3130
1123 3136
1124 3136
1125 3136
1131 3136
1525 3182
1713 3183
1677 3199
486 3295
487 3295
891 2364
1056 2386
1651 2548
1653 2548
294 2854
295 2854
296 2854
297 2854
298 2854
299 2854
300 2854
313 2854
2242 2865
870 2920
1808 3006
1809 3006
1810 3006
1811 3006
2074 3006
942 3039
943 3039
944 3039
945 3039
946 3039
947 3039
1024 3043
1025 3043
1026 3043
1027 3043
1028 3043
1205 3086
1206 3086
1207 3086
1208 3086
1546 3119
1547 3119
1605 3130
1606 3130
950 3142
587 3175
2054 3222
264 3302
1872 2357
1875 2357
1878 2357
1879 2357
1880 2357
1882 2357
1883 2357
1884 2357
1885 2357
1887 2357
1888 2357
1889 2357
1891 2357
1892 2357
1893 2357
866 2696
867 2696
868 2696
1393 2715
2076 2743
2077 2743
978 2826
2186 2835
2187 2835
2193 2835
2194 2835
1303 2843
1304 2843
88 2854
2224 2854
1308 2917
1369 2975
1084 2991
1085 2991
2076 2991
2077 2991
2228 3030
1167 3136
1168 3136
956 3172
552 3187
553 3187
554 3187
555 3187
556 3187
557 3187
558 3187
559 3187
560 3187
561 3187
562 3187
563 3187
564 3187
565 3187
566 3187
1546 3207
1547 3207
1548 3207
1550 3207
1127 2414
1128 2414
978 2453
1397 2469
2048 2512
1324 2524
1356 2598
980 2602
2076 2759
607 2784
608 2784
2027 2785
2030 2785
2034 2785
747 2843
1913 2850
266 2854
268 2854
270 2854
272 2854
93 2877
1685 2991
1317 3006
1084 3016
1085 3016
1163 3171
1826 3185
1827 3185
1828 3185
1623 2357
585 2361
639 2382
640 2382
641 2382
642 2382
148 2406
12 2472
1426 2571
1427 2571
1496 2778
1274 2794
1275 2794
1276 2794
1277 2794
1278 2794
1075 2859
1315 2975
1316 2975
619 3040
2078 3049
1930 3115
1933 3115
1934 3115
1941 3115
1946 3171
1402 3222
1404 3222
914 3252
2076 3279
2272 3302
2273 3302
2274 3302
1399 2469
175 2481
279 2598
858 2638
1168 2785
1278 2787
1496 2835
402 2859
403 2859
404 2859
816 2861
265 2910
269 2910
271 2910
275 2910
276 2910
280 2910
281 2910
282 2910
284 2910
285 2910
286 2910
592 2991
1134 3001
1138 3001
1140 3001
1150 3001
1163 3001
649 3043
650 3043
975 3086
976 3086
977 3086
1519 3091
1850 3135
788 3170
1669 3187
1712 3258
1627 2357
1808 2409
1809 2409
1810 2409
1811 2409
965 2566
966 2566
967 2566
968 2566
969 2566
970 2566
971 2566
2077 2738
2049 2778
2228 2788
1048 2850
1049 2850
764 2975
1125 3092
1126 3092
1132 3092
1133 3092
1134 3092
1711 3115
1150 3136
1151 3136
1863 2382
1932 2382
481 2404
482 2404
999 2462
1264 2631
983 2700
57 2818
2028 2835
2031 2835
2032 2835
2033 2835
2035 2835
2036 2835
2038 2835
1898 2887
2250 3043
2252 3043
1674 3129
1370 3151
1275 3201
1278 3201
156 3222
1361 3261
1268 2437
1269 2437
1273 2437
786 2458
1451 2551
1452 2551
1453 2551
1454 2551
1455 2551
1456 2551
1002 2566
846 2638
202 2700
1682 2785
996 2810
420 2888
163 2960
1274 3022
1275 3022
1276 3022
1277 3022
1278 3022
423 3065
2076 3110
2091 3110
2092 3110
235 3141
236 3141
237 3141
238 3141
1392 3154
2076 3247
2077 3247
585 3273
586 3273
423 3290
648 2491
387 2581
388 2581
391 2581
392 2581
1685 2611
2010 2841
972 2843
822 2997
792 3040
621 3086
622 3086
546 3097
163 3115
942 3142
943 3142
944 3142
1134 3171
1138 3171
1140 3171
1315 3182
1316 3182
601 3256
282 3303
286 3303
299 3303
300 3303
301 3303
302 3303
303 3303
304 3303
305 3303
313 3303
314 3303
315 3303
316 3303
327 3303
328 3303
329 3303
330 3303
331 3303
332 3303
334 3303
335 3303
336 3303
2038 2414
409 2469
410 2469
983 2548
1075 2565
825 2617
826 2617
827 2617
1519 2759
120 2791
639 2843
640 2843
641 2843
642 2843
643 2843
1666 2877
2230 3127
2231 3127
1548 3128
1550 3128
1626 3130
1627 3130
1628 3130
1629 3130
1630 3130
1631 3130
2224 3133
978 3220
442 3222
2113 2357
2078 2365
2042 2414
2101 2424
649 2548
650 2548
103 2573
2223 2575
986 2600
2214 2628
2215 2628
2216 2628
2217 2628
2218 2628
2219 2628
1591 2901
1964 2908
941 3129
2223 3271
280 3302
312 3302
1276 2437
1279 2437
1280 2437
2223 2472
2025 2512
2031 2512
2035 2512
2036 2512
2038 2512
2046 2512
2162 2548
2163 2548
2164 2548
2165 2548
2316 2548
283 2598
287 2598
288 2598
291 2598
292 2598
293 2598
306 2598
309 2598
310 2598
311 2598
317 2598
318 2598
1278 2606
1282 2606
586 2696
1377 2702
1501 2778
1503 2778
1504 2778
1671 2834
1673 2834
1674 2834
1992 2841
1943 3032
1944 3032
339 3049
1743 3130
34 3150
120 3150
1369 3182
585 3195
1669 3207
1670 3207
1671 3207
1672 3207
1673 3207
1674 3207
2101 3219
2102 3219
349 3302
1159 2512
1164 2512
1165 2512
1139 2611
796 2712
797 2712
798 2712
802 2712
1050 2755
1051 2755
1053 2755
2015 2841
884 2861
1382 3004
132 3006
1130 3043
1136 3043
1386 3124
1387 3124
1315 3160
1316 3160
2191 3187
2195 3187
2198 3187
2101 3214
2102 3214
319 2533
323 2533
324 2533
325 2533
337 2533
338 2533
341 2533
342 2533
345 2533
586 2561
88 2576
2224 2576
629 2638
1420 2837
159 2843
1500 3043
443 3086
2211 3171
2213 3259
1560 2364
2075 2480
968 2590
969 2590
970 2590
971 2590
427 2602
428 2602
2270 2640
2271 2640
2272 2640
2273 2640
2274 2640
0 2887
1903 2909
2311 3086
2312 3086
2313 3086
2314 3086
2315 3086
1075 3115
2072 3135
2073 3135
1458 3183
167 3222
319 3302
323 3302
324 3302
333 3302
341 3302
342 3302
345 3302
521 3307
771 2394
772 2394
1281 2437
1282 2437
423 2452
1993 2539
1995 2539
1996 2539
2006 2539
2007 2539
2011 2539
2015 2539
2017 2539
2021 2539
2023 2539
2025 2539
2027 2539
2028 2539
2029 2539
2030 2539
2031 2539
2033 2539
2034 2539
2035 2539
2036 2539
1403 2543
586 2604
1276 2606
423 2738
462 2804
467 2804
423 2812
420 2816
421 2816
998 2839
1000 2839
974 2877
714 3006
1310 3181
587 3195
1353 3218
2076 3243
2077 3243
2212 3259
347 3302
1634 2357
1276 2527
1277 2527
1278 2527
497 2543
2189 2785
2076 2813
2077 2813
1358 2829
1263 2877
724 2920
725 2920
726 2920
727 2920
1248 2975
1141 3004
1989 3043
1990 3043
1991 3043
1992 3043
1999 3043
2000 3043
2225 3077
999 3141
2287 3166
2288 3166
2289 3166
2290 3166
2291 3166
965 3189
966 3189
967 3189
1248 3194
457 2427
458 2427
2198 2433
1525 2453
2248 2548
216 2601
1166 2785
1685 2813
965 2819
966 2819
967 2819
968 2819
971 2819
419 2861
1344 3078
1419 3154
2101 3171
2102 3171
1742 3201
449 2427
450 2427
453 2427
454 2427
1210 2485
347 2533
322 2598
595 2667
1309 2702
1727 2724
1685 3086
587 2433
1552 2505
1270 2527
574 2533
575 2533
576 2533
1662 2804
1448 2859
1449 2859
1964 2925
2025 3043
2026 3043
541 3047
542 3047
543 3047
544 3047
2151 3208
1357 3247
1211 2360
12 2404
730 2472
2062 2472
1148 2512
1150 2539
341 2598
345 2598
649 2631
650 2631
1168 2778
1679 2809
1681 2809
1682 2809
437 2837
999 2837
1271 3063
1279 3063
1282 3063
1283 3063
39 3114
819 3237
339 3303
1993 2537
1995 2537
1996 2537
2006 2537
2007 2537
2011 2537
2015 2537
2017 2537
2021 2537
2023 2537
2025 2537
2027 2537
2028 2537
2029 2537
2030 2537
2031 2537
2033 2537
2034 2537
2035 2537
2036 2537
1938 2548
1127 2611
1128 2611
1129 2611
1663 2785
1272 3106
1084 3136
1048 3210
163 2404
2184 2404
1426 2476
1427 2476
882 2511
1864 2672
2263 2908
1736 3002
1490 3081
1492 3081
801 3129
1274 3285
1275 3285
1278 3285
695 2369
696 2369
697 2369
1986 2398
810 2433
2176 2472
1993 2512
1995 2512
1327 2543
1328 2543
163 2548
1945 2685
423 2779
282 2816
303 2816
304 2816
305 2816
315 2816
316 2816
164 2836
1186 2836
1187 2836
1188 2836
1189 2836
1190 2836
1048 2861
1049 2861
585 2968
2296 2993
592 3016
587 3056
588 3056
1272 3101
1280 3106
1281 3106
2065 3128
139 3239
423 3282
585 2433
1459 2467
1856 2480
1857 2480
1858 2480
1671 2488
1674 2488
1678 2488
1325 2543
348 2598
1080 2602
1081 2602
1082 2602
1083 2602
1490 2785
1492 2785
1769 2829
1770 2829
1771 2829
2284 2993
2285 2993
2286 2993
1323 3006
2012 3043
2020 3043
2112 3183
702 3217
703 3217
2026 2414
2028 2414
2032 2414
2033 2414
2157 2472
2158 2472
980 2548
882 2696
586 2699
1968 2829
225 2843
1648 2854
1356 2917
163 3047
996 3092
997 3092
998 3092
1000 3092
1001 3092
978 3133
1291 3183
2112 3242
1548 2357
1550 2357
1211 2367
1573 2458
1796 2468
1797 2468
1801 2468
1802 2468
1323 2522
1778 2861
681 2981
1341 3006
1674 3095
1678 3095
876 3144
877 3144
878 3144
879 3144
1903 2425
1563 2533
423 2641
775 2793
269 2816
271 2816
1204 3016
1205 3016
1206 3016
1207 3016
1208 3016
1546 3219
1547 3219
235 3240
236 3240
237 3240
238 3240
88 2453
2224 2453
112 2472
1185 2667
585 2771
586 2771
1538 2829
1125 2841
1126 2841
1132 2841
1377 2854
1274 2902
1275 2902
1277 2902
235 3058
236 3058
237 3058
238 3058
978 3242
1011 3260
1012 3260
1013 3260
1014 3260
1015 3260
1127 2537
1137 2537
2269 2640
19 2859
1847 2920
1285 3006
1451 3036
1452 3036
1453 3036
1454 3036
1455 3036
1456 3036
586 2397
1319 2403
1139 2537
1141 2537
1144 2537
1145 2537
1146 2537
1152 2537
1153 2537
88 2736
2224 2736
516 2859
1779 2861
1780 2861
1782 2861
595 2921
1677 3039
498 3074
139 2374
420 2374
1432 2382
93 2505
586 2509
547 2533
1370 2611
486 2728
487 2728
587 2744
585 2764
587 2764
585 2815
587 2815
1170 2841
1546 2920
1547 2920
1548 2920
1964 2926
423 2948
512 3006
1451 2546
1452 2546
1453 2546
1454 2546
1455 2546
1456 2546
1274 2712
1275 2712
1277 2712
1263 2734
1267 2786
462 2861
463 2861
939 2888
730 2925
1687 2996
1554 3062
2075 3092
2078 3092
664 3248
1481 2548
1666 2829
1330 2843
84 3006
699 3049
700 3049
2075 3129
2112 3270
1291 2404
439 2433
440 2433
441 2433
497 2526
1519 2763
1239 3120
1123 2512
1131 2512
1159 2539
1272 2567
1276 2567
1278 2567
359 2598
1148 2638
1149 2638
1155 2638
1075 2734
586 2910
1274 3101
1275 3101
1011 3193
1012 3193
1013 3193
1014 3193
1015 3193
1126 2638
1162 2638
595 2669
1377 3004
1275 3246
1278 3246
156 2404
503 2404
1765 2409
1202 2412
1747 2505
216 2569
1309 3049
755 3183
756 3183
757 3183
758 3183
759 3183
760 3183
1956 2659
1651 2734
1653 2734
1106 3006
1462 3089
1463 3089
1432 2346
2007 2638
2017 2638
2021 2638
2023 2638
2027 2638
2030 2638
423 2657
1945 2711
423 2825
423 2970
423 3049
423 3158
541 3183
542 3183
543 3183
544 3183
1105 3183
1167 3233
1168 3233
486 3299
487 3299
1773 2404
975 2475
976 2475
977 2475
975 2727
976 2727
977 2727
1319 2734
1275 2758
1278 2758
1176 3183
2223 2798
1669 3039
1670 3039
1116 2548
2062 3183
1163 3233
1319 2412
1326 2526
585 2645
587 2645
694 2659
695 2659
696 2659
697 2659
698 2659
1582 2822
427 3051
428 3051
1978 3176
2061 3183
649 2734
650 2734
933 3006
111 3074
991 3183
112 2734
585 2770
2184 3183
728 2908
586 2363
1055 2418
423 2431
423 2432
420 2435
423 2510
420 2516
585 2549
423 2578
423 2579
216 2662
1274 3043
1275 3043
819 3204
1292 3006
1747 3183
2112 3262
1432 2463
216 2663
216 2664
1248 2802
1756 2404
1569 3206
1570 3206
1571 3206
1277 3233
586 2787
1140 3233
1533 2964
1534 2964
39 3006
1211 2394
2109 2698
512 2908
585 2417
586 2417
423 2480
423 2603
585 2845
587 2845
1984 3006
1274 3008
1275 3008
1276 3008
1277 3008
423 3033
585 3046
586 3046
423 3147
101 2404
1812 2909
712 3006
1105 2401
1021 2698
1022 2698
488 2908
489 2908
490 2908
1105 2995
870 3086
730 3271
2265 3284
1322 2404
790 2409
1728 3098
1729 3098
112 2401
202 2412
1978 3006
1596 2404
208 2409
1563 3009
665 2409
93 2746
1537 2843
422 3021
1075 3271
1525 3284
649 2402
650 2402
40 2908
167 3006
987 3086
1399 2698
1653 2746
1964 2351
1964 2464
1981 2412
1666 2995
1116 2401
1316 2404
1964 2504
1465 2633
787 3207
1964 2352
910 2467
1463 2633
97 2698
1283 2810
1532 2843
1690 3290
1275 2356
1278 2356
588 2878
883 2917
120 3086
541 3271
542 3271
543 3271
544 3271
733 2823
734 2823
1035 3290
1036 3290
1037 3290
828 2695
1736 2843
1075 2995
1247 3077
1744 2409
1745 2409
1746 2409
910 2469
911 2469
912 2469
510 2698
106 2409
1596 2426
981 3006
1850 2365
1964 2506
1669 3116
1670 3116
1671 3116
1672 3116
1673 3116
1674 3116
730 2404
1394 2698
1945 2832
2233 3086
2234 3086
2235 3086
2236 3086
820 3207
699 2854
700 2854
580 3207
581 3207
582 3207
2316 3284
1864 2352
771 2498
772 2498
2198 3223
1973 3086
1974 3086
1736 3135
1451 3156
1452 3156
1453 3156
1454 3156
1455 3156
1456 3156
101 2406
2174 2406
2065 2426
1918 2478
484 3154
485 3154
1481 2406
1910 2406
1948 2810
1949 2810
2064 2843
1175 2920
1274 2931
1275 2931
1344 3080
637 3258
1864 3300
1075 2426
913 2467
1963 2705
995 3086
589 3217
590 3217
591 3217
593 3217
1652 3290
730 3300
167 2406
1318 2746
1521 2843
764 3110
765 3110
766 3110
767 3110
229 2406
230 2406
231 2406
232 2406
233 2406
234 2406
1526 2920
1527 2920
1515 2368
1042 2785
1043 2785
434 2854
1263 3271
520 2406
761 2409
1508 2835
1276 3134
679 2611
1306 2843
1851 3086
1852 3086
1275 3232
1278 3232
1711 2406
1653 3043
1864 2504
1864 2506
991 2746
1313 2810
1519 2810
1274 2823
1275 2823
1523 2829
535 2972
1278 3134
1282 3134
1394 3268
1729 2700
1385 2705
1386 2705
1387 2705
470 2806
1515 2997
696 2996
697 2996
892 3016
293 3163
311 3163
1418 3258
1977 2425
990 2445
1270 2952
1352 3047
323 3163
333 3163
341 3163
345 3163
443 3207
2212 2480
2175 2935
2175 2947
502 3214
1617 3290
1353 2374
1442 2467
1443 2467
1442 2469
1443 2469
698 2598
1166 2835
2051 2854
2098 2854
1056 3030
588 3107
288 3163
292 3163
306 3163
310 3163
317 3163
318 3163
1798 2467
592 2843
1422 2843
1423 2843
2220 2854
306 2996
309 2996
310 2996
317 2996
322 3163
1298 2698
1402 2700
1404 2700
1955 2746
1274 2952
1275 2952
436 3141
274 3163
1987 3182
1964 3300
979 2406
2110 2406
158 2426
219 2854
220 2854
221 2854
222 2854
239 3182
240 3182
695 3194
1542 3236
1319 2445
730 2673
1004 3049
442 3267
565 2835
566 2835
1903 2899
1695 3049
1372 3141
730 2352
1291 2401
1171 2835
1172 2835
870 2854
1419 2867
869 2991
870 2991
871 2991
1270 3134
501 3179
502 3179
178 3214
583 2382
584 2382
1979 2445
1444 2467
1445 2467
1444 2469
1445 2469
2078 2785
624 2837
337 2365
338 2365
341 2365
342 2365
343 2365
344 2365
345 2365
1515 2382
528 2409
668 2425
2240 2746
2241 2746
1287 2920
2188 3016
2189 3016
2161 3059
1136 3132
1278 3258
717 2382
1798 2469
1696 2480
555 2835
556 2835
218 2854
1163 3081
1986 2384
1987 2384
1652 2401
1700 2406
2075 2784
1243 2810
1244 2810
1245 2810
163 2837
773 2854
2145 2996
2147 2996
2148 2996
2149 2996
870 3049
34 3078
120 3078
1093 3199
1222 3290
1353 3290
1807 2469
1058 2478
2100 2640
442 2700
225 2791
1752 2859
1620 2920
1621 2920
1622 2920
1623 2920
1624 2920
1625 2920
322 2996
2122 2996
2123 2996
2124 2996
2125 2996
2129 2996
2130 2996
2131 2996
2132 2996
2136 2996
2137 2996
2138 2996
2139 2996
589 3049
721 3118
722 3118
723 3118
724 3118
725 3118
202 2404
382 2406
383 2406
384 2406
185 2425
1986 2613
498 2670
499 2670
500 2670
935 2705
1272 2738
1276 2738
1277 2738
1279 2738
1280 2738
1281 2738
882 2768
964 2843
88 2995
2224 2995
214 3135
498 3241
499 3241
500 3241
501 3241
502 3241
202 3267
1981 2481
1076 2854
1847 2854
1546 2887
1547 2887
1548 2887
1550 2887
1276 3258
1805 2466
2052 2469
2053 2469
1747 2700
437 2843
1077 3150
352 2365
1559 2406
1519 2669
2151 2789
1075 2808
1736 2837
609 2854
267 2996
273 2996
278 2996
1659 3097
737 3150
347 3163
348 3163
349 3163
351 3163
425 3171
1943 3267
2190 2381
2191 2381
2192 2381
2195 2381
2198 2381
1391 2640
1285 2700
2076 2717
142 2809
522 2809
523 2809
524 2809
438 2810
2049 2835
2050 2835
666 2854
1903 2858
2265 2895
319 2917
1651 2960
1653 2960
289 2996
290 2996
1109 3006
1391 3124
1969 3135
1970 3135
611 3171
612 3171
613 3171
615 3171
616 3171
535 3271
1252 2369
1259 2369
223 2406
982 2406
293 2484
311 2484
340 2484
516 2700
2037 2778
1989 2785
1999 2785
394 2810
1463 2896
1655 3207
1389 2374
78 2378
1075 2584
939 2611
293 2649
311 2649
340 2649
1563 2669
1676 2809
2099 2810
1687 2835
1461 2854
1572 2854
1814 2854
1815 2854
1816 2854
420 2875
1779 3226
1780 3226
1781 3226
1782 3226
1783 3226
1784 3226
1785 3226
1786 3226
1787 3226
1788 3226
1789 3226
149 2409
213 2409
2094 2650
1088 2700
1089 2700
1090 2700
2022 2778
2024 2778
1094 2810
1993 2860
1995 2860
1996 2860
2056 2920
2263 3006
1070 3016
801 3039
1391 3080
1420 3085
264 2365
266 2365
268 2365
270 2365
272 2365
277 2365
283 2365
287 2365
288 2365
292 2365
306 2365
310 2365
317 2365
318 2365
1252 2365
1259 2365
169 2406
202 2406
19 2425
264 2649
1735 2700
1943 2700
1944 2700
517 2861
1000 2888
1001 2888
586 2946
587 2946
2199 3004
2200 3004
1109 3090
1101 2409
1233 2409
1056 2602
204 2631
672 2631
673 2631
674 2631
1458 2700
1656 2705
1657 2705
2003 2785
1604 2816
1274 2833
1277 2833
991 2960
238 3016
239 3016
240 3016
2077 3061
2055 3086
2056 3086
2057 3086
2058 3086
2059 3086
2060 3086
1469 3115
1247 3140
1222 3218
1223 3218
1224 3218
1225 3218
1226 3218
1227 3218
1228 3218
1262 3222
1344 3240
1306 3243
1307 3243
873 3258
385 2406
991 2427
264 2484
1546 2615
1547 2615
1548 2615
1550 2615
265 2640
9 2668
180 2700
69 2715
1899 2746
973 2829
265 2835
269 2835
271 2835
275 2835
276 2835
264 2917
266 2917
268 2917
270 2917
272 2917
274 2917
277 2917
279 2917
280 2917
88 2991
881 3029
318 3039
320 3039
321 3039
133 3043
2065 3078
280 3083
294 3083
295 3083
296 3083
297 3083
298 3083
299 3083
300 3083
301 3083
302 3083
313 3083
314 3083
319 3083
2190 3129
2191 3129
2192 3129
2195 3129
2198 3129
2106 3141
2107 3141
597 3171
526 3222
589 3270
590 3270
591 3270
593 3270
1457 2445
353 2484
354 2484
355 2484
356 2484
357 2484
358 2484
359 2484
585 2557
2061 2598
1128 2651
1129 2651
588 2814
1706 2854
529 2920
114 2943
1305 2975
267 3039
278 3039
307 3039
1177 3050
1178 3050
1179 3050
1180 3050
1181 3050
331 3083
332 3083
339 3083
352 3083
111 3183
2157 3222
2158 3222
978 3225
2040 2778
1391 2784
1440 2810
211 2843
893 2843
1850 2854
1563 2952
588 3041
1069 3258
1085 3258
102 2406
1766 2406
1772 2406
1774 2406
1775 2406
2229 2406
721 2453
722 2453
723 2453
724 2453
725 2453
726 2453
727 2453
1806 2466
1426 2467
1427 2467
983 2602
1419 2605
587 2686
405 2695
1322 2700
1272 2739
1276 2739
1277 2739
1279 2739
1280 2739
1281 2739
1282 2739
942 2785
892 2830
1193 2854
1245 2854
1562 2854
1985 2861
294 2917
295 2917
2189 3004
2190 3004
2192 3004
573 3016
973 3086
601 3210
749 3218
589 3231
590 3231
591 3231
593 3231
621 3242
622 3242
969 2399
970 2399
1799 2466
1428 2467
979 2548
1105 2584
217 2611
225 2611
520 2631
1940 2631
1877 2638
1262 2700
1446 2705
1992 2778
636 2810
1954 2810
1503 2849
1504 2849
1506 2849
147 2854
545 2854
546 2854
1205 2854
1707 2854
2255 2859
346 2996
709 3016
769 3016
770 3016
340 3039
1419 3040
2289 3108
2290 3108
2291 3108
702 3149
703 3149
704 3149
705 3149
706 3149
707 3149
1953 3179
1480 3221
2162 3222
2163 3222
2164 3222
2165 3222
377 3305
1424 2469
226 2528
227 2528
2027 2545
2029 2545
2030 2545
2031 2545
2034 2545
2035 2545
2036 2545
2038 2545
2042 2545
1020 2548
1481 2700
1477 2715
1478 2715
1641 2715
1642 2715
950 2784
953 2784
954 2784
1191 2796
1192 2796
953 2841
956 2854
1242 2854
1356 2854
2207 2854
690 2859
1677 2891
1902 2895
882 2917
1515 2998
537 3034
538 3034
539 3034
540 3034
696 3078
698 3078
1249 3123
695 3181
696 3181
697 3181
698 3181
794 3187
424 3218
890 3230
2250 3245
2119 2364
2120 2364
2121 2364
2126 2364
2127 2364
2174 2404
1946 2512
1947 2512
223 2631
1687 2638
1485 2650
1486 2650
1626 2715
1628 2715
1634 2715
1635 2715
1636 2715
1638 2715
1639 2715
2202 2785
633 2810
1160 2835
39 2843
718 2843
719 2843
720 2843
1023 2843
2072 2843
2073 2843
1129 2982
1130 2982
1136 2982
1139 2982
1141 2982
1146 2982
1204 2991
69 2996
1680 3004
1040 3006
601 3016
950 3110
145 3222
620 2406
1655 2428
866 2460
867 2460
868 2460
691 2481
692 2481
1765 2481
1993 2545
1995 2545
730 2565
1649 2631
1559 2700
476 2785
1491 2835
1493 2835
1494 2835
1988 2835
368 2843
369 2843
370 2843
371 2843
372 2843
373 2843
1167 3081
1085 3086
1345 3141
1346 3141
1347 3141
1348 3141
2075 3216
1450 3244
265 3258
1955 3270
1312 2357
2083 2357
955 2369
958 2369
1863 2406
1931 2406
1932 2406
1685 2544
1075 2566
1419 2596
2076 2611
2077 2611
2062 2631
12 2700
1359 2757
1158 2778
1166 2778
164 2781
1186 2781
1187 2781
1188 2781
1189 2781
1190 2781
679 2784
1160 2785
1525 2796
1668 2835
1675 2835
2257 2850
2258 2850
2259 2850
939 2854
158 2859
533 2920
534 2920
1606 2920
1392 2975
351 2996
353 2996
354 2996
357 2996
358 2996
214 3122
412 3122
801 3187
478 3231
985 2406
1821 2406
1822 2406
2240 2406
2241 2406
498 2488
499 2488
500 2488
2045 2545
1272 2570
1105 2596
796 2599
797 2599
798 2599
1845 2810
498 2816
499 2816
500 2816
496 2843
717 2843
1511 2849
1514 2849
589 2854
1866 2854
2271 2854
327 2917
328 2917
1390 2922
882 2996
415 3031
1194 3039
1195 3039
1196 3039
1197 3039
1198 3039
1199 3039
1200 3039
1201 3039
1116 3043
1519 3086
589 3146
590 3146
591 3146
593 3146
42 3147
999 3157
1004 3240
1109 3281
1561 3291
1390 2374
585 2461
587 2461
1409 2469
2142 2598
2144 2598
2145 2598
118 2631
516 2631
541 2631
542 2631
543 2631
544 2631
1323 2631
1559 2631
1767 2631
1768 2631
1776 2631
1777 2631
98 2650
1435 2650
1436 2650
1139 2651
1141 2651
422 2759
2185 2784
891 2810
1687 2810
1643 2843
2262 2850
603 2854
156 2877
599 2877
334 2917
336 2917
339 2917
1713 2922
721 2923
722 2923
723 2923
724 2923
725 2923
726 2923
727 2923
639 2975
640 2975
641 2975
642 2975
643 2975
1560 2991
982 2996
1652 3057
1182 3068
1351 3078
1076 3086
716 3135
717 3135
352 3163
323 3194
1649 3222
375 3223
376 3223
1128 3253
1129 3253
1130 3253
1136 3253
1139 3253
1141 3253
911 2466
912 2466
1409 2467
1903 2566
1276 2570
1277 2570
1278 2570
982 2598
1202 2700
1607 2715
1385 2749
1386 2749
1387 2749
588 2761
1730 2785
1731 2785
1732 2785
1733 2785
1734 2785
1683 2835
1309 2854
503 2859
1447 2859
265 2888
269 2888
271 2888
285 2888
296 2888
297 2888
298 2888
299 2888
300 2888
313 2888
325 2888
326 2888
327 2888
328 2888
335 2888
338 2888
343 2888
344 2888
347 2888
1077 2955
1078 2955
1079 2955
1080 2955
1081 2955
1082 2955
1083 2955
1391 2994
2142 3039
2145 3039
1315 3086
1316 3086
1525 3086
1594 3086
1042 3092
1043 3092
1548 3119
1550 3119
953 3142
954 3142
956 3142
1048 3167
2126 3194
2127 3194
2128 3194
2133 3194
2134 3194
2135 3194
1943 3222
1944 3222
1093 3241
1898 2425
994 2543
1127 2545
1137 2545
1143 2545
1151 2545
592 2598
2122 2598
2123 2598
2124 2598
1679 2611
992 2631
1519 2667
498 2692
499 2692
500 2692
1711 2700
1116 2737
999 2746
1157 2778
557 2785
558 2785
559 2785
560 2785
561 2785
562 2785
563 2785
564 2785
1271 2787
2075 2801
1108 2850
254 2854
255 2854
256 2854
257 2854
258 2854
259 2854
1457 2859
1056 2877
1704 2912
1705 2912
1704 2913
1705 2913
2272 3039
2273 3039
2274 3039
1029 3043
1030 3043
2227 3113
624 3135
1169 3136
2208 3181
2209 3181
1310 3182
1652 3222
1130 3245
282 3258
286 3258
301 3258
302 3258
303 3258
304 3258
305 3258
314 3258
315 3258
316 3258
329 3258
330 3258
331 3258
332 3258
334 3258
336 3258
339 3258
1358 3279
2126 2357
2127 2357
2128 2357
2131 2357
2132 2357
2133 2357
2134 2357
2135 2357
2137 2357
2139 2357
2140 2357
2141 2357
2142 2357
2143 2357
2144 2357
2145 2357
2146 2357
1202 2406
1132 2414
1133 2414
1134 2414
1135 2414
1137 2414
2254 2566
1669 2599
1670 2599
1671 2599
1672 2599
1673 2599
1674 2599
1047 2638
996 2640
997 2640
998 2640
1000 2640
1001 2640
1112 2700
1113 2700
1114 2700
1115 2700
866 2854
1265 2888
1266 2888
1532 2923
1369 3016
1355 3039
740 3064
2232 3086
133 3115
1317 3141
2211 3146
1229 3147
1230 3147
1231 3147
1232 3147
568 3187
569 3187
570 3187
571 3187
572 3187
1912 3222
1379 3241
1954 3253
1871 3286
1872 3286
1875 3286
282 2462
302 2462
303 2462
304 2462
305 2462
314 2462
315 2462
316 2462
329 2462
330 2462
331 2462
332 2462
334 2462
336 2462
339 2462
881 2583
1383 2605
2153 2650
2154 2650
2155 2650
2156 2650
1767 2700
1768 2700
1776 2700
1777 2700
1011 2746
1012 2746
1013 2746
1014 2746
1015 2746
2171 2794
2172 2794
2173 2794
1900 2804
1901 2804
267 2854
273 2854
274 2854
1686 2854
424 2861
1759 2861
1760 2861
1116 2909
1543 2991
1968 3030
1767 3032
1768 3032
1769 3032
1770 3032
1771 3032
1776 3032
1777 3032
1402 3043
1404 3043
436 3086
1077 3111
1078 3111
1079 3111
1080 3111
1081 3111
1082 3111
1083 3111
496 3122
2213 3231
1935 3258
2076 3258
2065 3267
2243 2380
2244 2380
2245 2380
2246 2380
2247 2380
643 2382
1271 2395
1279 2395
1282 2395
1283 2395
483 2406
1139 2414
1141 2414
1047 2512
974 2598
796 2616
797 2616
798 2616
422 2743
2076 2746
2077 2746
1279 2794
1280 2794
1281 2794
1591 2810
1591 2816
1592 2816
227 2829
312 2854
1719 2868
894 2923
1792 2937
1792 2938
112 2960
2118 3039
1446 3054
1057 3115
2064 3128
1306 3136
1307 3136
1105 3146
352 3194
359 3194
1305 3194
1306 3194
1307 3194
2076 3231
2077 3231
2077 3279
1331 2406
1332 2406
1333 2406
1334 2406
1335 2406
1336 2406
1337 2406
1338 2406
1339 2406
1661 2425
1736 2453
935 2460
1955 2511
226 2598
227 2598
228 2598
1769 2598
1770 2598
1771 2598
1291 2631
859 2638
860 2638
861 2638
1882 2638
1883 2638
1884 2638
1885 2638
1886 2638
1887 2638
1888 2638
1889 2638
1890 2638
1891 2638
1892 2638
711 2700
2076 2738
1276 2787
1277 2787
1560 2810
2002 2835
2008 2835
2009 2835
587 2840
588 2840
2097 2854
933 2859
2190 2905
2191 2905
2192 2905
2195 2905
2198 2905
1306 2917
1307 2917
1309 2917
815 2920
442 2960
765 2975
766 2975
767 2975
768 2975
996 2975
997 2975
1596 3026
935 3040
1976 3061
1148 3081
699 3086
700 3086
1315 3111
1316 3111
1122 3136
235 3181
236 3181
237 3181
1049 3201
711 3222
592 3224
893 3260
1084 3288
422 2361
1931 2382
1903 2403
1457 2584
1654 2640
1940 2700
2211 2801
319 2854
792 2856
1319 2859
638 2861
1307 3069
282 3086
286 3086
1469 3135
2260 3147
422 3197
729 3210
479 3222
2180 3242
2181 3242
2182 3242
2183 3242
792 3278
1894 2357
1248 2470
972 2480
1457 2737
305 2784
1087 2816
1964 2859
1105 2909
294 2910
295 2910
296 2910
297 2910
298 2910
299 2910
300 2910
301 2910
302 2910
303 2910
304 2910
305 2910
312 2910
313 2910
314 2910
315 2910
316 2910
319 2910
322 2910
323 2910
324 2910
325 2910
326 2910
327 2910
328 2910
329 2910
330 2910
331 2910
332 2910
333 2910
334 2910
335 2910
336 2910
337 2910
338 2910
339 2910
341 2910
342 2910
343 2910
344 2910
345 2910
346 2910
347 2910
588 2961
881 2969
1358 2996
1016 3006
695 3048
696 3048
697 3048
698 3048
316 3086
332 3086
339 3086
594 3086
796 3119
797 3119
798 3119
802 3119
805 3119
807 3119
808 3119
335 3194
337 3194
338 3194
342 3194
343 3194
344 3194
347 3194
1767 3222
1768 3222
1769 3222
1770 3222
1771 3222
1776 3222
1777 3222
874 3259
875 3259
1604 2357
1605 2357
1606 2357
1607 2357
2125 2357
1075 2403
159 2406
1088 2409
1089 2409
1090 2409
1669 2433
1670 2433
1671 2433
1672 2433
1673 2433
1674 2433
39 2548
78 2580
267 2598
1650 2602
1402 2631
1404 2631
352 2759
359 2759
360 2759
630 2771
1272 2794
738 2843
1651 2843
1653 2843
1340 2854
2221 3052
1945 3117
721 3122
722 3122
723 3122
724 3122
725 3122
726 3122
727 3122
1185 3128
239 3141
240 3141
2198 3141
1773 3188
118 3194
108 3212
214 3212
412 3212
1614 3218
1615 3218
1616 3218
1617 3218
1619 3218
1520 3258
587 2373
1356 2382
1125 2414
1126 2414
809 2433
108 2453
214 2453
412 2453
1391 2596
1767 2598
1768 2598
1776 2598
1777 2598
1596 2672
153 2732
653 2732
654 2732
655 2732
2076 2829
2077 2829
1667 2841
1668 2841
1669 2841
1670 2841
1671 2841
1672 2841
1673 2841
1674 2841
1675 2841
2228 2844
1497 2849
1498 2849
2166 2850
1904 2861
1905 2861
1906 2861
1907 2861
1908 2861
1909 2861
649 2877
650 2877
2175 2940
2207 2975
2208 2975
2209 2975
592 2996
1458 3006
2150 3006
1853 3032
352 3039
793 3039
1451 3043
1452 3043
1453 3043
1454 3043
1455 3043
1456 3043
999 3083
1024 3086
1025 3086
1026 3086
1027 3086
1028 3086
1123 3092
1124 3092
1131 3092
147 3097
545 3097
1093 3102
1632 3130
2272 3160
2273 3160
2274 3160
1126 3171
1132 3171
1133 3171
599 3222
969 3283
970 3283
2275 3302
2276 3302
1377 2365
1263 2402
2076 2417
2077 2417
1552 2425
471 2436
472 2436
473 2436
474 2436
475 2436
996 2474
892 2521
389 2581
1305 2598
1306 2598
1307 2598
1566 2598
1567 2598
1773 2598
163 2602
1644 2611
1645 2611
1646 2611
1567 2631
841 2638
597 2640
1719 2653
1729 2784
1688 2816
115 2829
1288 2829
621 2837
622 2837
2266 2854
1323 2859
791 2861
526 2877
1372 2975
651 3002
652 3002
1497 3043
1498 3043
1509 3043
1512 3043
1513 3043
1911 3128
945 3142
946 3142
947 3142
948 3142
949 3142
951 3142
1372 3151
2228 3244
1320 3258
1340 3260
588 2361
1341 2467
411 2469
1795 2469
204 2472
106 2481
1110 2638
1111 2638
1957 2647
515 2666
156 2700
1315 2737
1316 2737
1870 2816
1871 2816
1872 2816
1873 2816
1874 2816
1875 2816
1286 2835
1508 2849
359 2854
1736 2854
216 2936
995 2991
1813 2991
1814 2991
1815 2991
1816 2991
1817 2991
1818 2991
1819 2991
1820 2991
1149 3001
1162 3001
1203 3043
147 3086
545 3086
546 3086
2076 3086
2007 3092
2017 3092
2021 3092
1747 3115
1604 3130
695 3136
696 3136
697 3136
698 3136
1369 3154
1372 3154
930 3183
931 3183
932 3183
442 3218
1855 3218
186 3260
265 3303
269 3303
271 3303
275 3303
276 3303
281 3303
284 3303
285 3303
294 3303
295 3303
296 3303
297 3303
298 3303
319 3303
323 3303
324 3303
325 3303
326 3303
1185 2364
2054 2404
1163 2512
1424 2571
289 2598
290 2598
308 2598
149 2631
213 2631
762 2700
801 2712
1205 2784
1206 2784
1207 2784
1208 2784
1487 2794
1588 2901
2228 2917
784 3080
1138 3092
1140 3092
1767 3115
1768 3115
1769 3115
1770 3115
1771 3115
1776 3115
1777 3115
1003 3118
1515 3135
588 3175
1370 3182
1824 3185
1825 3185
592 3194
1092 3216
202 3222
249 2357
2064 2366
586 2373
2046 2414
2076 2445
2077 2445
409 2467
410 2467
1319 2472
1702 2538
1703 2538
844 2638
845 2638
847 2638
848 2638
850 2638
851 2638
852 2638
854 2638
855 2638
856 2638
1451 2667
1452 2667
1453 2667
1454 2667
1455 2667
1456 2667
1964 2672
9 2674
990 2773
1169 2785
1171 2785
1172 2785
1173 2785
1174 2785
444 2792
445 2792
447 2792
448 2792
451 2792
455 2792
457 2792
458 2792
1672 2834
1677 2834
2252 2835
2005 2841
494 2843
495 2843
1669 2857
1670 2857
1671 2857
1672 2857
1673 2857
1674 2857
1458 2859
771 2892
772 2892
1105 2994
1086 2991
1252 2991
1280 3022
1281 3022
2152 3031
1670 3043
1671 3043
1672 3043
1673 3043
1677 3043
1004 3048
441 3077
589 3086
590 3086
591 3086
593 3086
866 3086
436 3118
697 3141
764 3182
1977 3189
1112 3222
1113 3222
1114 3222
1115 3222
1290 3226
371 3260
372 3260
373 3260
1057 2373
1747 2373
999 2382
796 2460
797 2460
941 2512
1110 2512
1111 2512
112 2548
728 2584
991 2598
503 2602
1957 2666
1274 2677
1275 2677
1278 2677
1248 2679
1853 2700
2211 2769
1274 2795
1275 2795
1276 2795
1277 2795
1278 2795
1279 2795
1280 2795
1281 2795
1487 2795
519 2810
580 2850
329 2854
330 2854
334 2854
336 2854
718 2854
719 2854
720 2854
929 2854
1341 2859
885 2861
163 2877
1546 2901
1377 2961
630 3049
592 3069
862 3086
863 3086
864 3086
865 3086
2077 3110
1651 3114
995 3118
929 3129
1372 3182
264 3194
266 3194
268 3194
270 3194
272 3194
274 3194
277 3194
280 3194
283 3194
287 3194
288 3194
291 3194
292 3194
293 3194
306 3194
309 3194
310 3194
311 3194
312 3194
317 3194
132 3222
516 3222
1314 3258
1413 3258
1414 3258
1415 3258
1416 3258
1417 3258
293 3302
311 3302
2277 3302
2065 3303
413 2357
414 2357
589 2365
590 2365
591 2365
593 2365
648 2603
1141 2611
1146 2611
93 2654
1392 2749
870 2791
1651 2792
1653 2792
2111 2854
1321 2877
1667 2905
1668 2905
1675 2905
118 2996
2211 3001
436 3080
2102 3082
2077 3086
2233 3097
2234 3097
2235 3097
2236 3097
1148 3136
1149 3136
1155 3136
1048 3179
1049 3179
88 3196
2224 3196
710 3216
2272 3220
2273 3220
2274 3220
1458 3222
824 3261
352 3302
359 3302
442 2374
2054 2472
2075 2528
2076 2528
2001 2539
2004 2539
2010 2539
2012 2539
2014 2539
2016 2539
2019 2539
2020 2539
2026 2539
2032 2539
664 2573
108 2574
648 2598
1319 2598
611 2638
612 2638
613 2638
395 2640
396 2640
397 2640
398 2640
1942 2657
1291 2700
498 2733
500 2733
1506 2778
1507 2778
163 2792
93 2808
393 2843
1392 2843
1560 2888
1562 2888
2168 2890
1773 2996
1075 3030
2249 3043
2251 3043
2253 3043
2288 3082
2289 3082
2290 3082
2291 3082
764 3128
765 3128
42 3167
1150 3171
2105 3171
585 3175
1833 3185
1834 3185
2190 3187
2192 3187
1773 3194
263 3225
1084 2365
1085 2365
180 2406
2045 2414
1546 2491
1547 2491
1548 2491
2223 2602
2191 2611
95 2615
1435 2629
1436 2629
632 2638
133 2700
606 2784
1651 2835
1001 2839
48 2854
82 2859
2065 2859
2167 3004
1272 3022
348 3039
349 3039
352 3049
361 3049
362 3049
363 3049
364 3049
365 3049
1146 3092
1153 3092
792 3121
498 3272
499 3272
500 3272
501 3272
502 3272
261 2357
889 2364
1778 2436
1779 2436
1780 2436
509 2472
352 2533
1289 2535
1552 2548
1972 2577
320 2598
321 2598
1279 2606
1280 2606
1281 2606
818 2611
1919 2631
1920 2631
1921 2631
1922 2631
1923 2631
1310 2791
1315 2791
1316 2791
1092 2810
2078 2817
725 2826
726 2826
727 2826
892 2861
1773 2866
1104 2887
1275 2900
1278 2900
282 3001
1129 3015
1130 3015
1136 3015
1499 3043
112 3104
1560 3117
796 3184
797 3184
798 3184
588 3195
1274 3201
1276 3201
1277 3201
2238 3216
1955 3228
2105 3261
606 3283
607 3283
608 3283
598 2365
1357 2365
2159 2404
2160 2404
452 2427
456 2427
408 2469
21 2472
1651 2472
1653 2472
2065 2472
1853 2548
116 2650
1895 2650
1896 2650
1248 2686
2050 2778
2196 2835
2197 2835
915 2861
916 2861
917 2861
1489 2909
1490 2909
1492 2909
1495 2909
1496 2909
721 2920
722 2920
723 2920
1369 2991
1372 2991
1385 3040
1950 3062
1951 3062
1952 3062
1143 3092
1669 3109
1670 3109
1671 3109
1672 3109
1673 3109
1674 3109
1930 3117
1933 3117
1934 3117
1941 3117
1670 3129
1671 3129
1672 3129
1673 3129
2080 3182
2081 3182
2082 3182
86 3222
125 3222
322 3302
1358 2417
1283 2437
586 2474
1385 2479
2078 2480
2045 2512
2054 2548
585 2604
587 2604
588 2604
282 2660
303 2660
304 2660
305 2660
314 2660
315 2660
316 2660
331 2660
332 2660
422 2669
1248 2678
585 2696
1968 2700
1358 2733
1042 2746
1043 2746
1044 2746
1047 2746
822 2767
2188 2785
1683 2809
2022 2835
2024 2835
2063 2843
1515 2848
1986 2851
1987 2851
172 2859
1202 2877
1319 2917
1965 2920
9 2967
866 3039
867 3039
265 3080
1117 3086
1849 3090
1271 3103
1272 3103
2076 3124
950 3153
2279 3166
2280 3166
2281 3166
2282 3166
2283 3166
2284 3166
2285 3166
2286 3166
1947 3171
551 3187
1315 3222
1316 3222
1105 3231
498 3244
1274 3270
1275 3270
1277 3270
1278 3270
2278 3302
1461 2365
2228 2405
1591 2424
1592 2424
163 2472
935 2491
936 2491
937 2491
938 2491
1358 2518
2012 2537
2016 2537
2020 2537
2026 2537
2032 2537
526 2700
1617 2709
651 2767
652 2767
1303 2791
180 2792
997 2810
998 2810
1373 2810
1374 2810
1375 2810
115 2817
1067 2843
813 2861
518 3006
346 3039
1357 3048
2184 3074
27 3086
996 3118
997 3118
998 3118
480 3136
1851 3187
1852 3187
2239 3216
136 3220
504 3220
505 3220
506 3220
507 3220
508 3220
721 3242
722 3242
723 3242
724 3242
725 3242
726 3242
727 3242
2207 3258
2208 3258
2209 3258
2210 3258
889 3261
1538 3271
1635 2357
1636 2357
78 2438
1343 2476
1369 2480
1372 2480
1155 2512
1279 2527
1280 2527
1281 2527
1419 2756
1868 2775
1077 2950
2066 2993
2067 2993
2068 2993
2069 2993
1146 3004
241 3114
242 3114
243 3114
1092 3119
2176 3135
1522 3160
615 3172
616 3172
1947 3173
126 3192
181 3192
206 3192
810 3192
811 3192
812 3192
1779 3210
1780 3210
1782 3210
1783 3210
1742 3218
1671 3223
1674 3223
1678 3223
225 3238
1637 2357
1481 2404
2005 2414
1088 2472
1089 2472
1090 2472
1706 2474
585 2561
1867 2592
1591 2603
1592 2603
2227 2671
744 2746
745 2746
746 2746
1664 2785
1647 2810
331 2816
332 2816
339 2816
2039 2835
241 2854
242 2854
243 2854
709 2854
974 2975
1315 2991
1316 2991
1127 3004
1128 3004
1129 3004
1130 3004
1134 3004
1135 3004
1136 3004
1137 3004
173 3006
1504 3043
592 3079
1252 3146
1259 3146
436 3160
1272 3175
1276 3175
1277 3175
1278 3175
1549 3201
1049 3210
888 2364
481 2472
482 2472
1134 2539
202 2548
1403 2548
2178 2582
1272 2606
1123 2611
1124 2611
1125 2611
1126 2611
187 2645
2211 2667
65 2719
762 2792
2064 2825
771 2841
772 2841
1898 2859
144 2872
444 2877
445 2877
446 2877
447 2877
448 2877
449 2877
450 2877
451 2877
453 2877
454 2877
455 2877
457 2877
458 2877
982 2877
1020 2877
1643 2888
771 2949
772 2949
585 2980
587 2980
2297 2993
2298 2993
2299 2993
2300 2993
2301 2993
2302 2993
2303 2993
2304 2993
2305 2993
2306 2993
2307 2993
1127 3043
1128 3043
1129 3043
1135 3043
1271 3101
1271 3106
1085 3136
245 3183
968 3189
969 3189
970 3189
971 3189
1677 3207
1678 3207
1679 3207
1311 3261
1451 3277
1452 3277
1453 3277
1454 3277
1455 3277
1456 3277
250 2357
21 2404
2039 2414
163 2425
126 2433
181 2433
206 2433
811 2433
812 2433
1538 2472
516 2505
2001 2512
2012 2512
2016 2512
2019 2512
2028 2512
2033 2512
2039 2512
1268 2527
1269 2527
2038 2537
2039 2537
2042 2537
2083 2607
771 2651
772 2651
2162 2654
2163 2654
2164 2654
2165 2654
1307 2655
805 2712
1331 2753
1332 2753
1333 2753
1334 2753
1335 2753
1336 2753
1337 2753
1338 2753
1339 2753
1489 2785
1495 2785
950 2817
1937 2819
1939 2819
1525 2854
1669 2875
1670 2875
1672 2875
1376 2878
1377 2878
1381 3004
731 3048
1270 3063
1340 3080
1515 3100
1652 3108
695 3166
696 3166
698 3166
699 3166
700 3166
701 3166
491 3178
492 3178
493 3178
398 3258
1263 3265
796 3279
797 3279
798 3279
802 3279
805 3279
1767 2373
1768 2373
1769 2373
1770 2373
1771 2373
1776 2373
1777 2373
748 2374
749 2374
2191 2433
2195 2433
1584 2486
1679 2488
1273 2527
577 2533
578 2533
442 2548
599 2548
1940 2548
1358 2701
1020 2734
1307 2759
1525 2843
991 2996
1608 3062
1609 3062
1610 3062
1611 3062
1612 3062
1613 3062
1614 3062
1615 3062
1616 3062
1617 3062
1618 3062
1619 3062
1620 3062
1621 3062
1622 3062
1623 3062
1624 3062
1625 3062
1489 3081
1491 3081
1493 3081
1494 3081
1495 3081
1496 3081
1279 3106
2062 3115
1669 3136
1670 3136
1671 3136
1250 3165
1251 3165
1253 3165
1254 3165
1255 3165
1256 3165
1257 3165
1258 3165
1260 3165
1261 3165
993 3183
1953 3224
346 3302
2101 2375
2102 2375
1403 2404
886 2425
681 2458
889 2491
1331 2548
1332 2548
1333 2548
1334 2548
1335 2548
1336 2548
1337 2548
1338 2548
1339 2548
346 2598
2078 2598
1134 2611
1135 2611
1136 2611
2288 2706
2289 2706
2290 2706
2291 2706
2292 2706
2293 2706
2294 2706
2298 2706
2299 2706
2300 2706
2301 2706
2302 2706
2303 2706
2304 2706
2305 2706
2306 2706
2307 2706
1945 2776
436 2791
1263 2792
1323 2792
265 2816
276 2816
285 2816
286 2816
297 2816
298 2816
299 2816
300 2816
301 2816
302 2816
313 2816
314 2816
2191 2851
2198 2851
1437 2854
2065 2855
1272 2902
762 2904
587 2968
588 2968
1778 2987
1779 2987
1780 2987
1781 2987
1782 2987
1783 2987
1784 2987
1785 2987
1786 2987
1787 2987
1788 2987
1789 2987
1385 3086
1386 3086
1387 3086
437 3122
40 3183
1563 3249
1045 3257
1046 3257
1669 3305
1670 3305
1671 3305
1672 3305
1673 3305
1674 3305
774 2357
2213 2365
1575 2458
2112 2472
481 2548
482 2548
1077 2550
351 2598
1397 2745
1482 2795
118 2829
1123 2841
1124 2841
1131 2841
1357 2854
618 2861
918 2861
919 2861
920 2861
921 2861
922 2861
923 2861
924 2861
925 2861
926 2861
927 2861
928 2861
145 2870
509 2877
1274 2950
1275 2950
175 2966
1697 2993
1698 2993
1699 2993
2295 2993
1122 3081
2066 3086
2068 3086
2069 3086
2070 3086
1282 3106
1283 3106
169 3115
594 3146
1737 3171
1738 3171
1739 3171
1740 3171
1741 3171
1983 3201
1984 3201
239 3240
240 3240
170 2476
129 2487
1673 2488
2191 2533
2195 2533
2198 2533
1272 2712
991 2734
1095 2759
1096 2759
1097 2759
1098 2759
1099 2759
1100 2759
1685 2759
1369 2791
1372 2791
1376 2854
1087 2861
1202 2888
1276 2902
1856 3049
1857 3049
1858 3049
1350 3078
427 3144
428 3144
1358 3194
2228 3199
704 3217
705 3217
706 3217
707 3217
1736 3225
2083 3254
2103 2357
2104 2357
2105 2357
1987 2398
1778 2448
1779 2448
1780 2448
1781 2448
1782 2448
1783 2448
1784 2448
1785 2448
1786 2448
1787 2448
1788 2448
1789 2448
1800 2468
1803 2468
1804 2468
1143 2537
1151 2537
1361 2603
1183 2667
1184 2667
585 2699
1148 2841
1155 2841
750 2843
751 2843
752 2843
753 2843
814 2861
2283 2993
1373 3004
980 3006
983 3006
1322 3006
1681 3039
1899 3039
1671 3095
1673 3095
1863 3115
1931 3115
1932 3115
1358 3129
730 3177
101 3183
1050 3204
1051 3204
1053 3204
1773 2373
1910 2505
1747 2548
1546 2669
1547 2669
1548 2669
1550 2669
1515 2729
1678 2834
1679 2834
1681 2834
1395 2857
1396 2857
499 3074
1679 3095
183 3137
1583 3172
1953 3223
819 3235
1980 3258
588 2433
866 2566
644 2714
2157 2734
2158 2734
999 2759
1482 2794
1912 2877
1457 2925
1484 2951
2271 3049
2272 3049
2273 3049
2274 3049
1475 3083
88 3122
2224 3122
988 3183
989 3183
1276 3285
1277 3285
1280 3285
1281 3285
2022 2414
2024 2414
1424 2466
567 2533
1278 2712
1281 2712
1282 2712
1475 2816
2065 2888
1412 3024
999 3048
775 3127
799 3129
800 3129
803 3129
804 3129
806 3129
1648 3141
1451 3213
1452 3213
1453 3213
1454 3213
1455 3213
1456 3213
1548 3219
1550 3219
822 3225
1665 3258
585 2397
596 2480
585 2509
1147 2512
1371 2611
585 2744
588 2744
588 2815
1147 2841
464 2861
465 2861
466 2861
467 2861
1278 2902
1281 2902
1282 2902
2275 2991
1967 3006
21 3047
585 3055
586 3055
1466 3094
1467 3094
1468 3094
1778 3147
1779 3147
1780 3147
822 3242
2079 3243
422 3298
625 2453
626 2453
1957 2476
9 2500
1409 2522
1156 2537
1993 2540
1995 2540
1996 2540
2001 2540
2004 2540
2006 2540
2007 2540
2010 2540
2011 2540
2012 2540
2014 2540
2015 2540
2016 2540
2017 2540
2019 2540
2020 2540
2021 2540
2023 2540
2025 2540
2026 2540
2027 2540
2028 2540
2029 2540
2030 2540
2031 2540
2032 2540
2033 2540
2034 2540
2035 2540
2036 2540
1451 2558
1452 2558
1453 2558
1454 2558
1455 2558
1456 2558
1270 2567
1271 2567
9 2591
882 2742
991 2753
2065 2829
1162 2841
69 3006
2076 3202
2077 3202
498 3290
499 3290
500 3290
592 2474
1424 2476
1164 2539
1165 2539
731 2544
732 2544
353 2598
354 2598
358 2598
1248 2682
588 2764
430 2847
431 2847
432 2847
433 2847
1945 2847
1781 2861
9 3035
1393 3128
1139 3180
1141 3180
1146 3180
1153 3180
2162 3183
2163 3183
2164 3183
2165 3183
1574 2458
1122 2512
118 2548
1166 2638
2062 2734
1248 2763
1754 2805
1767 2904
1768 2904
1769 2904
1770 2904
1771 2904
1776 2904
1777 2904
1209 3016
991 3047
2078 3129
118 3183
269 3219
271 3219
1726 3219
1591 3230
1592 3230
1916 3298
1917 3298
88 3303
2224 3303
1176 2404
2223 2478
1125 2638
1158 2638
1161 2638
1985 2795
1118 2843
1119 2843
1120 2843
1121 2843
1077 3056
1078 3056
1079 3056
1080 3056
1081 3056
1082 3056
1083 3056
1551 3062
1464 3089
1465 3089
1466 3089
1467 3089
1468 3089
1278 3101
1248 3177
1130 3180
264 3219
1569 3279
1570 3279
1342 2469
1359 2469
264 2533
1279 2567
1280 2567
1281 2567
1282 2567
1283 2567
484 2605
485 2605
2029 2638
444 2646
445 2646
446 2646
447 2646
448 2646
449 2646
450 2646
451 2646
453 2646
454 2646
455 2646
457 2646
458 2646
1938 2734
1559 2829
1864 2909
1457 2926
260 2991
239 3058
501 3070
40 3114
1169 3233
1173 3233
1174 3233
1914 3298
1915 3298
280 2533
2034 2638
2042 2638
1272 2758
1274 2758
1276 2758
1277 2758
461 2861
498 3186
499 3186
500 3186
501 3186
502 3186
186 3220
1321 2404
1459 2466
1056 2533
585 2634
586 2634
1274 2707
1275 2707
1277 2707
1278 2707
95 2829
587 2910
776 2991
777 2991
778 2991
779 2991
780 2991
781 2991
782 2991
783 2991
784 2991
442 3047
427 3100
428 3100
1755 3139
1211 3276
1329 2526
1945 2572
88 2639
2224 2639
1585 2735
1586 2735
1587 2735
1588 2735
1589 2735
1590 2735
1591 2735
1527 2988
1529 2988
1530 2988
1652 2404
1538 2505
1409 2524
1327 2526
1328 2526
1057 2548
1088 2548
1089 2548
1090 2548
588 2645
1105 2829
185 3006
460 3006
229 3183
230 3183
231 3183
232 3183
233 3183
234 3183
1358 2566
1276 2712
163 2734
390 2908
402 3006
403 3006
404 3006
2179 3284
1239 2450
216 2956
112 3183
1956 2459
1319 2505
427 2560
428 2560
1075 2401
407 2908
2065 2909
1862 3006
1237 3120
1238 3120
1240 3120
1241 3120
585 2363
587 2363
588 2363
587 2549
588 2549
139 2624
422 2730
586 2770
1278 3043
1542 3152
1270 3233
1271 3233
1272 3233
1274 3246
1515 2429
64 2561
1925 2561
1926 2561
1927 2561
1928 2561
1929 2561
1945 2648
541 2734
542 2734
543 2734
544 2734
0 3006
2112 2404
2240 2404
2241 2404
11 3006
1276 3233
1278 3233
100 2404
974 2404
1711 2404
1126 3233
1132 3233
1133 3233
1149 3233
1559 2505
156 3006
1324 2526
980 2404
983 2404
985 2409
112 2412
1515 2837
1935 3006
585 2501
587 2501
9 2675
586 2688
588 2845
1457 2909
1596 2909
1465 2986
1982 3006
1983 3006
1272 3008
1278 3008
1279 3008
1280 3008
771 3178
772 3178
1582 3191
422 3244
663 3006
2248 2404
247 3006
1649 2404
1747 2412
50 3006
1955 3260
2179 2412
1868 3006
481 2412
482 2412
516 3006
2108 2698
1398 3006
743 3006
1793 3006
1794 3006
1931 3006
1932 3006
520 3006
690 3006
974 2412
2228 3006
894 3006
21 3006
2184 2908
163 2412
1552 2908
1863 3006
1652 2412
880 2972
1236 3006
1038 2404
1039 2404
1808 2908
1809 2908
1810 2908
1811 2908
42 3006
1448 3006
1449 3006
869 3086
871 3086
1202 2404
170 2757
518 2908
251 2412
442 2401
1859 3006
197 2404
251 2406
1651 2412
1653 2412
682 2409
683 2409
684 2409
87 3006
131 2972
1321 3271
1275 3283
1278 3283
1747 2426
904 2467
907 2467
735 2823
736 2823
1860 2908
262 3006
713 3006
1040 2908
2064 2908
2062 2995
1315 2404
904 2469
907 2469
1457 2404
1116 2995
419 3021
105 3290
191 3290
1032 3290
1033 3290
1034 3290
503 2504
1691 3290
1692 3290
1693 3290
1694 3290
245 2352
516 2908
690 2908
541 2412
542 2412
543 2412
544 2412
711 2412
1977 2426
754 2705
600 2810
1470 2908
1729 2995
1462 2633
1322 2908
1323 2908
2190 3223
2191 3223
2192 3223
2195 3223
1274 2356
1277 2356
1281 2356
1282 2356
1 2444
2 2620
3 2555
4 2515
64 2370
5 3017
6 3264
7 2492
8 2482
10 2438
14 2455
15 2898
16 2687
17 2473
18 3044
20 2676
22 2436
23 2884
24 2879
25 2609
26 2555
28 2438
28 2622
28 2483
29 2710
30 2438
30 2658
30 2623
31 2515
32 2454
33 2930
33 3263
35 2676
36 2354
36 2355
37 2676
38 2585
43 3287
44 2513
45 2619
46 3011
47 2704
47 2853
49 2413
51 2620
52 3028
53 2468
54 2501
55 3007
56 2489
58 2710
59 2540
61 2616
61 2621
61 2408
61 2996
61 2813
63 2689
63 2676
66 2963
66 2984
67 2455
68 2615
70 2730
72 2362
73 3013
73 2519
74 3039
76 2455
77 2611
78 2434
78 3045
79 2448
79 2916
81 2444
85 3010
90 2928
91 2585
94 2588
99 2897
104 2354
107 2448
109 2609
110 2356
113 2877
117 2492
119 3292
123 2622
128 2377
130 2676
134 2943
135 2355
137 2419
138 3005
138 2423
140 2356
146 2457
152 2421
155 2691
157 2678
160 2537
161 3119
162 3255
165 2613
166 2927
168 2880
171 2347
174 2618
176 2451
176 2456
177 2973
177 2446
182 2999
182 3257
182 3294
188 3256
189 2350
192 2915
195 2463
198 3293
199 2943
200 2720
200 2496
201 2416
201 2436
201 2689
205 2676
207 2973
207 2945
210 2436
212 3238
224 2441
248 2504
248 2760
248 2618
378 2632
386 2933
399 3039
400 2353
400 2512
401 2542
426 2985
426 3045
459 2440
459 2495
60 2708
60 2731
468 2383
62 2924
71 2497
514 2526
514 2626
514 2467
514 2656
514 2782
75 2534
579 2879
602 3043
617 3261
83 2437
89 2610
646 3021
647 2901
669 2372
670 2492
671 2492
680 2471
708 2387
715 2555
739 2347
789 2385
789 2419
817 2438
821 2897
872 3305
887 2364
940 2371
1009 2436
1010 2932
1052 2349
1052 2353
1103 2499
1107 3252
1107 3119
1107 2388
1107 2439
1107 2921
1212 3018
122 2772
122 2503
122 2825
122 2795
1213 2442
1234 2390
1360 2530
1368 3016
1378 2616
1408 2391
1441 2528
1460 2352
1476 2392
1479 2502
1483 3261
1516 2448
1517 2716
1518 3304
1540 2541
1541 2620
1545 2446
1555 2676
1556 2463
1557 2632
1565 2454
1576 2609
1577 3255
1593 2349
1708 2374
1709 2430
1710 2915
1725 2466
1748 2379
1751 3307
1753 2985
1754 2449
1757 2934
1758 2929
1761 2882
1761 2976
1762 2898
1763 2898
1790 2550
1791 2356
1823 2918
1823 2474
1837 2374
1854 2454
1861 2367
1897 2534
1924 2555
1925 2614
1966 2499
194 2447
2039 3021
2093 2720
2177 3039
2264 2880
2308 2878
2317 2616
2318 2489
2319 2754
2320 2473
246 2978
246 2538
246 2990
2321 2618
2331 2389
2331 3008
2335 2427
2339 2881
2342 2423
2343 2621
2344 2443
2345 2372
429 3150
429 3157
429 2991
429 2950
429 2906
1215 2774
1215 2850
1215 2693
1215 3289
1215 3305
1568 2861
1568 2922
1568 2920
1568 3290
1568 2348
1997 3043
2256 2448
2322 2876
2323 2448
2324 2440
2325 3297
2326 3260
2326 2883
2326 3043
2327 3286
2327 2525
2327 2465
2327 3298
2327 2536
2328 2422
2328 3294
2328 2508
2328 2914
2329 2676
2330 2436
2330 2893
2330 2974
2330 2627
2330 2762
2332 2983
2333 2448
2334 2448
2334 3280
2336 2919
2337 2915
2338 2407
2339 3007
2339 2726
2340 2977
2341 2886
2341 2400
2341 2514
2341 2489
